Image File,Inference Result,Top 10 Words,Top 10 Probabilities
img1.png,LloydrufomeˌGroups,"Lloyd, ..., enson, Perry, Run, irit, accommod, listening, figur, South","0.01109989918768406, 0.008089199662208557, 0.007871006615459919, 0.005243221297860146, 0.00443251570686698, 0.0038360224571079016, 0.0032811237033456564, 0.002839576220139861, 0.002784653566777706, 0.0025354560930281878"
img2.png,Lloydolt◄ Santrain,"Lloyd, Gal, ..., mand, iss, draft, Perry, enson, figur, fool","0.014208294451236725, 0.004594774916768074, 0.0037501459009945393, 0.0029320470057427883, 0.002864126581698656, 0.0027651842683553696, 0.0026180234272032976, 0.0023744443897157907, 0.0022218876983970404, 0.0020872701425105333"
img3.png,ensonisses tend Anderson Kirk,"enson, ..., Lloyd, HO, Gal, conscious, _, via, accommod, listening","0.00943820457905531, 0.004708894994109869, 0.0038885914254933596, 0.0034451012033969164, 0.0033131216187030077, 0.0031002555042505264, 0.002833862788975239, 0.0026830474380403757, 0.002590360352769494, 0.0023129316978156567"
img4.png,enson subt∞worˌ,"enson, ..., Lloyd, Gal, Run, accommod, iss, hos, mand, draft","0.0063959332183003426, 0.0051998570561409, 0.003759975079447031, 0.003518399316817522, 0.003044920740649104, 0.0029627892654389143, 0.0025540839415043592, 0.002456238493323326, 0.0024087305646389723, 0.0023899858351796865"
img5.png,ensonlez Lloydolt Holy,"enson, HO, ..., Lloyd, Perry, iss, Run, DIR, Gal, via","0.0055854348465800285, 0.005085596349090338, 0.004349940922111273, 0.0043329824693500996, 0.003794085932895541, 0.0033352153841406107, 0.0025672069750726223, 0.0024785215500742197, 0.002411667723208666, 0.0023650219663977623"
img6.png,ensonruf distʊ Gard,"enson, Lloyd, iss, _, ..., ョ, mand, chief, accommod, Run","0.010142195969820023, 0.005261701997369528, 0.005079934373497963, 0.0039408328011631966, 0.003849543398246169, 0.0026251606177538633, 0.0024951796513050795, 0.002307663904502988, 0.0021763346157968044, 0.0021425934974104166"
img7.png,ensonlez Lloyd Gard Agent,"enson, ..., accommod, Run, iss, DIR, ski, Lloyd, Perry, draft","0.008004781790077686, 0.006357087753713131, 0.005610110703855753, 0.003636336186900735, 0.003456288715824485, 0.003429391887038946, 0.003209055634215474, 0.003074086969718337, 0.0028541930951178074, 0.002702295547351241"
img8.png,ensonlez Lloyd Galldefin,"enson, ..., Lloyd, _, conscious, Perry, iss, more, More, accommod","0.007178936153650284, 0.006385078188031912, 0.005355812609195709, 0.003471506992354989, 0.0033646998926997185, 0.0031856338027864695, 0.0030755847692489624, 0.0029926258139312267, 0.0029347431845963, 0.002800351707264781"
img9.png,ensonruf Gentdefinikus,"enson, ..., Lloyd, accommod, _, conscious, iss, Run, line, fool","0.011479198932647705, 0.007044557947665453, 0.0049953400157392025, 0.004711053799837828, 0.004374065436422825, 0.003626227378845215, 0.002925159875303507, 0.0026016910560429096, 0.0023139920085668564, 0.0022166683338582516"
img10.png,Lloyd Gall fool Nova Gil,"Lloyd, accommod, ..., enson, succ, iss, Run, ber, hos, Wes","0.010341421701014042, 0.004846926778554916, 0.004277398344129324, 0.003760074032470584, 0.003730813041329384, 0.003105057869106531, 0.002729521133005619, 0.002504749223589897, 0.0022717087995260954, 0.00224524294026196"
img11.png,ensonruf Gent gent ev,"enson, Lloyd, mand, HO, Ho, _, ..., Gal, ho, Run","0.012920415960252285, 0.00786729995161295, 0.0035599488765001297, 0.0034774828236550093, 0.0027616822626441717, 0.002750915242359042, 0.0026558837853372097, 0.002437175950035453, 0.0022190739400684834, 0.002193220891058445"
img12.png,Run ... Rundefin deliber,"Run, Lloyd, ł, enson, Gal, Perry, via, iss, Blue, DIR","0.005188832059502602, 0.004508135374635458, 0.004268216900527477, 0.0038110886234790087, 0.0033111311495304108, 0.0029106708243489265, 0.0027773818001151085, 0.00245103077031672, 0.002431956585496664, 0.002422475256025791"
img13.png,... Gir ... Kir ...,"..., hos, Run, Lloyd, Perry, iss, Gal, sky, succ, Tra","0.00841922964900732, 0.00560841616243124, 0.003961457405239344, 0.003915305249392986, 0.003780049504712224, 0.0035928860306739807, 0.003049242775887251, 0.0028422067407518625, 0.0026595965027809143, 0.002597987186163664"
img14.png,Galdefin gent medium ...,"Gal, Pic, Lloyd, Perry, ..., Tra, trap, iss, listening, Blue","0.004755060188472271, 0.003230027388781309, 0.003058128757402301, 0.0029067101422697306, 0.00287284585647285, 0.0022993970196694136, 0.0019667784217745066, 0.0018767131259664893, 0.0018476174445822835, 0.0018332391045987606"
img15.png,draft Gli ... Ski ...,"draft, ..., Run, Lloyd, enson, via, iss, Perry, _, Blue","0.006557991728186607, 0.005587478633970022, 0.004742031916975975, 0.004351532552391291, 0.004351532552391291, 0.003455819096416235, 0.003221177263185382, 0.0030856989324092865, 0.0026600391138345003, 0.002403144957497716"
img16.png,... Gir ...rioжил,"..., enson, accommod, Lloyd, _, listening, mand, fee, Pick, Run","0.006474199239164591, 0.004663190804421902, 0.004537409171462059, 0.004449647851288319, 0.00394216924905777, 0.00346538913436234, 0.0030343960970640182, 0.0025652186013758183, 0.002545255934819579, 0.0024766018614172935"
img17.png,enson Marcusatisruf Gent,"enson, ..., fool, HO, Lloyd, draft, Perry, Run, Gal, Fern","0.008414161391556263, 0.005369299091398716, 0.004738389980047941, 0.004399446304887533, 0.004165311809629202, 0.004100734833627939, 0.0034802486188709736, 0.0031812044326215982, 0.0028739788103848696, 0.0027316780760884285"
img18.png,ensonlez Lloydagt Anderson,"enson, Lloyd, HO, ..., Run, DIR, Perry, draft, fool, accommod","0.007291609887033701, 0.005881904624402523, 0.005858973599970341, 0.004914515186101198, 0.003857447300106287, 0.0032737732399255037, 0.0032356323208659887, 0.002703472040593624, 0.002682433696463704, 0.002549616852775216"
img19.png,Lloyd listenedˌ Gent ...,"Lloyd, enson, HO, ..., accommod, Run, iss, mand, draft, Fern","0.008376054465770721, 0.008118350058794022, 0.005514650605618954, 0.0054079871624708176, 0.0029517794027924538, 0.0028946870006620884, 0.0027513611130416393, 0.002708705374971032, 0.002307845512405038, 0.002093125134706497"
img20.png,draft mediumities worse perman,"draft, Lloyd, Perry, Wes, Gal, mand, via, iss, hell, accommod","0.003962189424782991, 0.0034829876385629177, 0.003323490032926202, 0.003014274640008807, 0.0028538580518215895, 0.002618847182020545, 0.002618847182020545, 0.002412595087662339, 0.002412595087662339, 0.002188128652051091"
img21.png,Lloydrufome ... Nor,"Lloyd, enson, ..., draft, fool, iss, singing, Run, Blue, Gal","0.01777004636824131, 0.012502788566052914, 0.005356418434530497, 0.003949575126171112, 0.0029696726705878973, 0.0028226340655237436, 0.002693376038223505, 0.0026724161580204964, 0.002661997452378273, 0.0025007149670273066"
img22.png,...ruf Woruf Gard,"..., enson, Lloyd, accommod, ョ, irit, Run, Fern, Stat, fee","0.006473115179687738, 0.006104729138314724, 0.004328900948166847, 0.003972422797232866, 0.003191931638866663, 0.002906286856159568, 0.002381326165050268, 0.0022900989279150963, 0.002101512858644128, 0.0020052774343639612"
img23.png,HO fool Horn fool❯,"HO, Lloyd, figur, Gal, Perry, mand, enson, Ho, ..., _","0.004822663497179747, 0.004766478203237057, 0.004239393398165703, 0.004045257344841957, 0.0037853517569601536, 0.003597926115617156, 0.003500878345221281, 0.0026118142995983362, 0.0024824945721775293, 0.002313939156010747"
img24.png,Run explockbaut Gent,"Run, Lloyd, via, draft, mand, ..., iss, enson, via, accommod","0.005426968447864056, 0.00519871711730957, 0.0050584906712174416, 0.003744495566934347, 0.0036151406820863485, 0.0034630922600626945, 0.0032916227355599403, 0.0026865440886467695, 0.002603887813165784, 0.0023801461793482304"
img25.png,... Marcus Galbertрои,"..., Lloyd, accommod, figur, Run, iss, Gal, or, Tra, _","0.005415312480181456, 0.004949996713548899, 0.004613903816789389, 0.0040558818727731705, 0.003537603188306093, 0.003297408577054739, 0.0027336475905030966, 0.002722990233451128, 0.0024218775797635317, 0.0023750343825668097"
img26.png,Lloyd meg accommod Anderson dist,"Lloyd, draft, enson, ..., fool, verse, Perry, listening, singing, accommod","0.004685452673584223, 0.0034548365511000156, 0.0030727949924767017, 0.003025155747309327, 0.002786904340609908, 0.0024402947165071964, 0.0023652147501707077, 0.002265737159177661, 0.0021619813051074743, 0.0020549341570585966"
img27.png,isslezsob Sab eff,"iss, enson, Run, Lloyd, draft, ..., mand, DIR, Perry, conditional","0.006147797219455242, 0.005554072093218565, 0.0038471934385597706, 0.0038321944884955883, 0.003671017475426197, 0.0031646150164306164, 0.003067250130698085, 0.002059254329651594, 0.0020037093199789524, 0.0019496626919135451"
img28.png,isslez Gent abandon Sant,"iss, enson, Lloyd, ..., ach, hos, fool, draft, accommod, consider","0.0047021168284118176, 0.003480693558230996, 0.0032065650448203087, 0.003169207600876689, 0.0030597257427871227, 0.0028743466828018427, 0.0026583359576761723, 0.0025564965326339006, 0.002516862004995346, 0.0023922433611005545"
img29.png,Lloydters Gard mistints,"Lloyd, listening, _, enson, ..., mand, Gal, iss, accommod, HO","0.00947586726397276, 0.007525366265326738, 0.004896848928183317, 0.004727685358375311, 0.004139699507504702, 0.003934728913009167, 0.003088403958827257, 0.00299338367767632, 0.0029240422882139683, 0.002768427599221468"
img30.png,ensonruf Gent gentoris,"enson, Lloyd, iss, accommod, mand, ..., Perry, Gal, Run, DIR","0.006911369040608406, 0.005036752671003342, 0.003303182777017355, 0.0032519716769456863, 0.0031396308913826942, 0.002972543006762862, 0.002858666703104973, 0.002623259788379073, 0.0025825900956988335, 0.0023885052651166916"
img31.png,enson Marcusatisrufuper,"enson, ..., Lloyd, Run, _, fool, draft, Fern, accommod, via","0.009241188876330853, 0.007168987300246954, 0.005183837376534939, 0.004132915288209915, 0.0034938850440084934, 0.00328220147639513, 0.003206169232726097, 0.002818403299897909, 0.0027855681255459785, 0.002678854623809457"
img32.png,Lloydruf Buffer QuTagName,"Lloyd, ..., enson, Gal, accommod, irit, Fern, Wes, Perry, mand","0.007992196828126907, 0.007192199118435383, 0.006175891496241093, 0.0040661003440618515, 0.0038197480607777834, 0.002974822884425521, 0.002604841720312834, 0.0025246990844607353, 0.002362489001825452, 0.002280875574797392"
img33.png,Lloyd ... Nor ...berger,"Lloyd, succ, mand, ..., Perry, hell, abase, angry, conscious, draft","0.0031704381108283997, 0.00265936809591949, 0.002577548148110509, 0.0025178391952067614, 0.002356069628149271, 0.002346884226426482, 0.0022306819446384907, 0.0022046936210244894, 0.0019456353038549423, 0.0018277553608641028"
img34.png,Lloydrufome ... Nor,"Lloyd, enson, loyd, mand, draft, fool, Perry, medium, _, ...","0.019743625074625015, 0.0056126234121620655, 0.003609654027968645, 0.003498596604913473, 0.003004220547154546, 0.003004220547154546, 0.002471204847097397, 0.0022944356314837933, 0.00221517332829535, 0.00221517332829535"
img35.png,... Gir ...ruf Gent,"..., Run, _, listening, hos, draft, figur, conscious, Lloyd, zig","0.004153535235673189, 0.004089140798896551, 0.004073198884725571, 0.0040415008552372456, 0.003811498172581196, 0.0036511917132884264, 0.0035945852287113667, 0.003350521670654416, 0.002832464873790741, 0.002681724028661847"
img36.png,... antiimeProcchy,"..., Lloyd, Gal, mand, hip, iss, Run, Blue, Wes, draft","0.0069998945109546185, 0.006398421246558428, 0.005602645687758923, 0.005472859833389521, 0.004147300496697426, 0.0032425622921437025, 0.00308201159350574, 0.0027198661118745804, 0.002667258959263563, 0.002486158860847354"
img37.png,Lloyd Gaisis�chin,"Lloyd, mand, accommod, Run, ..., Gal, enson, succ, iss, via","0.0072401948273181915, 0.00395183265209198, 0.0033934111706912518, 0.0032128170132637024, 0.0024062886368483305, 0.0022693464998155832, 0.002234163461253047, 0.00220813462510705, 0.0020743506029248238, 0.001971642253920436"
img38.png,Lloydoltidente Gent ...,"Lloyd, enson, ..., accommod, Run, Perry, iss, DIR, HO, succ","0.0067651099525392056, 0.005763945169746876, 0.005499995779246092, 0.0036352749448269606, 0.0033099555876106024, 0.0032459350768476725, 0.002853360027074814, 0.0028311549685895443, 0.002733351429924369, 0.0021287361159920692"
img39.png,Lloydters Gard diff仮,"Lloyd, Run, enson, listening, HO, accommod, hos, ..., draft, via","0.005973014514893293, 0.004526314325630665, 0.003723244648426771, 0.003484028857201338, 0.0034166411496698856, 0.0032729420345276594, 0.003015175461769104, 0.0028883612249046564, 0.0026298826560378075, 0.002568961586803198"
img40.png,LloydoltBU Adam slo,"Lloyd, enson, Run, ..., accommod, _, Perry, Gal, irit, iss","0.00678135734051466, 0.006572716869413853, 0.0029395008459687233, 0.00278306333348155, 0.002707995008677244, 0.002707995008677244, 0.002634951611980796, 0.002514288295060396, 0.0025044861249625683, 0.002218851586803794"
img41.png,Lloyd accommod mag Readfore,"Lloyd, Perry, Run, succ, ..., abase, voy, South, itter, Wind","0.007222762331366539, 0.005081848241388798, 0.005081848241388798, 0.003957747016102076, 0.003319764044135809, 0.003118629800155759, 0.003058310132473707, 0.0027095123659819365, 0.0024478405248373747, 0.0024004948791116476"
img42.png,ensonlezckerruftring,"enson, Lloyd, ..., draft, Run, iss, via, Perry, accommod, DIR","0.00626760721206665, 0.0047495546750724316, 0.0047495546750724316, 0.004657689947634935, 0.0035433839075267315, 0.0028920257464051247, 0.002532342215999961, 0.0024833623319864273, 0.0024069573264569044, 0.002397573320195079"
img43.png,Galdefin gent illegal Zob,"Gal, Lloyd, enson, figur, hell, via, mand, ..., Wes, consider","0.005163546185940504, 0.0049463738687336445, 0.004683132749050856, 0.0036758333444595337, 0.0032949955202639103, 0.002942099701613188, 0.0029078235384076834, 0.0027316471096128225, 0.0025862716138362885, 0.0024871930945664644"
img44.png,Perry Lloyd Clement defenceruf,"Perry, ..., accommod, Gal, HO, Lloyd, via, Run, draft, fool","0.006326690316200256, 0.006204321049153805, 0.004068893380463123, 0.0038977607619017363, 0.00329508981667459, 0.003083382500335574, 0.002907906658947468, 0.0025964684318751097, 0.0023641115985810757, 0.0023365686647593975"
img45.png,ensonruf Gentloydruf,"enson, Lloyd, ..., Run, HO, mand, iss, fool, Gal, _","0.014125119894742966, 0.006170807871967554, 0.005957634653896093, 0.003907111939042807, 0.003876706585288048, 0.0032772913109511137, 0.0026748471427708864, 0.002572375349700451, 0.0024165231734514236, 0.002314887475222349"
img46.png,Lloydrufwo alternative tut,"Lloyd, iss, enson, Run, mand, figur, DIR, ..., Perry, кли","0.010285339318215847, 0.007643414661288261, 0.0041556525975465775, 0.003667350858449936, 0.0034183464013040066, 0.0031003060285001993, 0.002867314266040921, 0.0023039516527205706, 0.002198446076363325, 0.0019783873576670885"
img47.png,Lloydruf Murrayosen Zach,"Lloyd, ..., figur, accommod, Run, mand, iss, listening, More, Tra","0.02148429863154888, 0.0054533411748707294, 0.004468308296054602, 0.00403677998110652, 0.003851922694593668, 0.003792203962802887, 0.002486988203600049, 0.0023823885712772608, 0.002203349256888032, 0.0021607328671962023"
img48.png,... Gir ...angol phr,"..., Lloyd, draft, enson, HO, Ho, fool, mand, more, Gal","0.009136996231973171, 0.006329012103378773, 0.005563558544963598, 0.004166912753134966, 0.0036202766932547092, 0.003454491961747408, 0.0034009350929409266, 0.003219940699636936, 0.0031576615292578936, 0.003133088117465377"
img49.png,Lloyd Galoyd convers Adam,"Lloyd, ..., DIR, Gal, Perry, enson, draft, Blue, hos, accommod","0.00810987502336502, 0.005297851283103228, 0.0034339374396950006, 0.0032258855644613504, 0.0025719001423567533, 0.00253202673047781, 0.002473372034728527, 0.0024160766042768955, 0.0024066572077572346, 0.0023054364137351513"
img50.png,Lloydruf dr succhere,"Lloyd, Run, ..., Perry, draft, iss, succ, Gal, tongue, ł","0.005409081466495991, 0.004179814364761114, 0.003319446463137865, 0.0031550894491374493, 0.0030940640717744827, 0.0028392730746418238, 0.002828204073011875, 0.002806194592267275, 0.002237293403595686, 0.0022112280130386353"
img51.png,Lloydruf non ir(...),"Lloyd, ..., Gal, hos, HO, draft, enson, listening, mand, accommod","0.010368957184255123, 0.003697165986523032, 0.0030890973284840584, 0.003017538459971547, 0.002790767000988126, 0.002581037813797593, 0.0025114184245467186, 0.0024724826216697693, 0.002453241730108857, 0.002453241730108857"
img52.png,Lloydrufomeabase Gall,"Lloyd, enson, sky, ..., loyd, draft, _, ski, Gal, che","0.011359967291355133, 0.004904984030872583, 0.0034781545400619507, 0.0032802121713757515, 0.0031056422740221024, 0.003093534614890814, 0.003010092070326209, 0.0026050175074487925, 0.0025847447104752064, 0.002362648257985711"
img53.png,enson Marcusibus cheibus,"enson, Lloyd, figur, accommod, ..., Run, mand, fool, Wes, hell","0.008239012211561203, 0.005729333031922579, 0.00437570596113801, 0.003475016448646784, 0.0032013352029025555, 0.0025925198569893837, 0.0024449792690575123, 0.0024449792690575123, 0.002425952348858118, 0.0022612360771745443"
img54.png,Lloyd пов accidentckilio,"Lloyd, enson, ..., iss, Run, Perry, via, loyd, listening, Gal","0.010934905149042606, 0.004505240358412266, 0.00415042182430625, 0.004022727254778147, 0.003914220724254847, 0.003648455021902919, 0.002841419540345669, 0.002721913391724229, 0.0024783301632851362, 0.002468668157234788"
img55.png,ensonlez Lloydoltlez,"enson, draft, Lloyd, Perry, ..., iss, via, HO, stem, Run","0.007418110966682434, 0.0056213997304439545, 0.004827056545764208, 0.0036436538212001324, 0.003436292754486203, 0.003317584516480565, 0.0032407327089458704, 0.0029855030588805676, 0.0028046201914548874, 0.0023802502546459436"
img56.png,Lloyd traditteraugˌ,"Lloyd, Run, ..., ˌ, listening, mand, draft, Gal, figur, iss","0.006777348928153515, 0.005865306593477726, 0.004694532137364149, 0.0031640955712646246, 0.0026333939749747515, 0.0025623624678701162, 0.002552372869104147, 0.002435491420328617, 0.002416538307443261, 0.002323961816728115"
img57.png,accommoditeromeince inher,"accommod, enson, ..., Lloyd, irit, ber, Run, _, iss, listening","0.007952356711030006, 0.00557336863130331, 0.004357532132416964, 0.004223464522510767, 0.00330211129039526, 0.0026741314213722944, 0.00257168710231781, 0.0023142676800489426, 0.0021996803116053343, 0.002165577607229352"
img58.png,Lloyd Giaviaренdefin,"Lloyd, ..., iss, mand, figur, ber, Run, Gal, Wes, urst","0.006182944402098656, 0.003976445645093918, 0.0036489912308752537, 0.0032076691277325153, 0.0030968589708209038, 0.0029550434555858374, 0.0025177286006510258, 0.002355966018512845, 0.0021619556937366724, 0.002015164354816079"
img59.png,... Marcus̃awkennen,"..., enson, Lloyd, draft, Run, figur, Gal, iss, ski, HO","0.006979571655392647, 0.006429882720112801, 0.006305517628788948, 0.0036636367440223694, 0.003523285035043955, 0.003414885140955448, 0.0033357792999595404, 0.003271259367465973, 0.0029323380440473557, 0.0025179784279316664"
img60.png,Lloydters Gardchetern,"Lloyd, enson, HO, hos, ..., accommod, _, Gal, South, iss","0.009568228386342525, 0.007451743818819523, 0.00477376626804471, 0.004449639469385147, 0.0037033185362815857, 0.0034653826151043177, 0.003385107032954693, 0.0032937994692474604, 0.0027200100012123585, 0.002615808043628931"
img61.png,Lloyd anniltyˌril,"Lloyd, Run, mand, Gal, succ, figur, ..., via, iss, stem","0.006145922467112541, 0.005423757713288069, 0.0036986814811825752, 0.003515546675771475, 0.0032260471489280462, 0.0029373494908213615, 0.0026640603318810463, 0.0025720291305333376, 0.0023973947390913963, 0.0021913961973041296"
img62.png,Runrufwo Adam deliber,"Run, ..., Lloyd, hos, kafka, draft, chief, via, _, Perry","0.005373296793550253, 0.004686673171818256, 0.004402721766382456, 0.003946574404835701, 0.0037805866450071335, 0.0037365413736552, 0.0031464833300560713, 0.003037786576896906, 0.0029906900599598885, 0.00278762960806489"
img63.png,Lloyd listening bor hoelf,"Lloyd, Run, ..., accommod, tongue, irit, South, bage, enson, listening","0.009861387312412262, 0.005797210149466991, 0.004768655635416508, 0.004291325341910124, 0.0033290579449385405, 0.0032519407104700804, 0.00305491522885859, 0.0027277320623397827, 0.0026645443867892027, 0.0024933491367846727"
img64.png,Ward Forceitteruchs Chamber,"Ward, hos, cb, irit, draft, listening, voy, Russ, ..., align","0.005543957930058241, 0.003122050315141678, 0.0030497279949486256, 0.0027019092813134193, 0.002548143034800887, 0.0025382088497281075, 0.00223122863098979, 0.002129053231328726, 0.002112484769895673, 0.0020716257859021425"
img65.png,Lloydruf Bab Anderson Anderson,"Lloyd, enson, ..., succ, hos, _, chief, Gal, Ho, draft","0.008730253204703331, 0.006564249284565449, 0.006047269329428673, 0.004529195372015238, 0.003682210110127926, 0.0033526902552694082, 0.0032750251702964306, 0.002812241669744253, 0.002641856437548995, 0.00251104892231524"
img66.png,... Gir Wo Anderson Gard,"..., whom, HO, Lloyd, iss, DIR, figur, enson, accommod, Black","0.00392709206789732, 0.003506498644128442, 0.0033590199891477823, 0.0032303379848599434, 0.0025754498783499002, 0.0025157895870506763, 0.002505981596186757, 0.0024575116112828255, 0.002428880427032709, 0.0023912242613732815"
img67.png,Lloydoltucci Marcus Gard,"Lloyd, mand, enson, ..., irit, figur, Perry, Gal, draft, singing","0.009363542310893536, 0.004689929075539112, 0.0043037207797169685, 0.004270229022949934, 0.003918582107871771, 0.0034581369254738092, 0.003338674083352089, 0.0021895559038966894, 0.002130496082827449, 0.0019247429445385933"
img68.png,Galdefin gent Andersonˌ,"Gal, ..., Quint, figur, Lloyd, hell, Run, via, irit, angry","0.007073495537042618, 0.0038158646784722805, 0.00332825630903244, 0.00268479622900486, 0.002674328861758113, 0.0025518627371639013, 0.0021998428273946047, 0.0021827237214893103, 0.00210732058621943, 0.0018024868331849575"
img69.png,mand…ˌikuseros,"mand, ..., Ho, HO, che, Gal, accommod, Lloyd, more, draft","0.004761862102895975, 0.003826263826340437, 0.003694084007292986, 0.0035249192733317614, 0.003196963109076023, 0.002854566555470228, 0.002755954395979643, 0.0025688319001346827, 0.0023207461927086115, 0.0021972383838146925"
img70.png,Lloydauslioigli Anderson,"Lloyd, Gal, ..., Run, iss, accommod, mand, Tra, enson, Blue","0.010736588388681412, 0.007208204362541437, 0.006411109585314989, 0.005462333559989929, 0.004337973892688751, 0.003161356318742037, 0.0030881233979016542, 0.0030521457083523273, 0.0029582411516457796, 0.0023310380056500435"
img71.png,enson Marcus Agentassaéro,"enson, accommod, HO, Lloyd, _, ..., Fern, ber, Wes, fool","0.01081656850874424, 0.004743903875350952, 0.003994767554104328, 0.0033903152216225863, 0.003247722750529647, 0.0031478009186685085, 0.0030748823191970587, 0.002980278106406331, 0.0028438011649996042, 0.002713574096560478"
img72.png,ensonlez Lloyd Gent Hin,"enson, ..., Run, Perry, Lloyd, fool, accommod, mand, Gal, figur","0.004531891085207462, 0.004358277190476656, 0.004078260622918606, 0.0033285794779658318, 0.0033285794779658318, 0.002891919808462262, 0.0026434289757162333, 0.0026434289757162333, 0.0022876968141645193, 0.0022434487473219633"
img73.png,Lloyd accident mist ... Adam,"Lloyd, figur, irit, ..., hos, Gal, Run, iss, _, Wes","0.004162463825196028, 0.004097931087017059, 0.004034398123621941, 0.0038346415385603905, 0.0031297432724386454, 0.0029864218086004257, 0.0027727989945560694, 0.0026048035360872746, 0.0021594578865915537, 0.0019509076373651624"
img74.png,... Girodesruf inher,"..., pios, Gal, Lloyd, Perry, hos, enson, draft, iss, Hell","0.003244951833039522, 0.003219699254259467, 0.003219699254259467, 0.0031574247404932976, 0.0029893897008150816, 0.002943043364211917, 0.0027539548464119434, 0.0026796713937073946, 0.002556960564106703, 0.002328139031305909"
img75.png,Lloyd Galoyd implloyd,"Lloyd, ..., enson, HO, iss, mand, fool, listening, Perry, draft","0.004164267797023058, 0.0038815243169665337, 0.003836303250864148, 0.0032685711048543453, 0.002976068062707782, 0.002929928246885538, 0.0022818304132670164, 0.002246453892439604, 0.00214358139783144, 0.0020939253736287355"
img76.png,Perryabassaggi Anderson,"Perry, enson, accommod, ..., hos, fool, irit, iss, figur, pios","0.0038612540811300278, 0.0038013909943401814, 0.0029605263844132423, 0.0028360106516629457, 0.0027595139108598232, 0.002695589791983366, 0.002425768179818988, 0.002278798259794712, 0.0022434687707573175, 0.0020748695824295282"
img77.png,Runrum Lloydпеpios,"Run, enson, Lloyd, figur, mand, iss, Wo, draft, <0xB1>, Pic","0.006564819719642401, 0.004238566383719444, 0.00379942636936903, 0.003052924992516637, 0.0029359690379351377, 0.0027905991300940514, 0.002704741433262825, 0.0025309636257588863, 0.0022598959039896727, 0.0021146994549781084"
img78.png,... Marcus obligibus Gent,"..., enson, Gal, Lloyd, fool, _, accommod, Blue, mand, che","0.005796315148472786, 0.005728785879909992, 0.004290662240236998, 0.003501936560496688, 0.002813884988427162, 0.002674560062587261, 0.002425720449537039, 0.0024162635672837496, 0.002314638812094927, 0.0022522055078297853"
img79.png,Lloydruf Murrayosen Zach,"Lloyd, ..., hos, _, iss, Perry, mand, Gal, chief, draft","0.005956865847110748, 0.004191178362816572, 0.0029373657889664173, 0.002846992574632168, 0.002781042130663991, 0.002748641883954406, 0.0026640750002115965, 0.0026640750002115965, 0.002454261062666774, 0.002416211413219571"
img80.png,Perry Wagner Sant Mod Anderson,"Perry, enson, Run, Lloyd, ach, iss, ..., Blue, Black, fool","0.01508063543587923, 0.00511092459782958, 0.005051380023360252, 0.003857928328216076, 0.003581965109333396, 0.00347175938077271, 0.0031120649073272943, 0.0024714816827327013, 0.0024426879826933146, 0.002330829156562686"
img81.png,Lloydruf drcons Gall,"Lloyd, iss, accommod, enson, ..., _, HO, Parent, chief, Cape","0.011192964389920235, 0.009135431610047817, 0.0068154470063745975, 0.0042318073101341724, 0.0030008007306605577, 0.002931287046521902, 0.002300793770700693, 0.002014642348513007, 0.0019074250012636185, 0.0019074250012636185"
img82.png,_ accommod alone Mandish,"_, HO, Gal, Lloyd, enson, ..., accommod, Tra, sky, iss","0.00445527071133256, 0.0040407548658549786, 0.003693549195304513, 0.0036791490856558084, 0.003259545424953103, 0.0032090111635625362, 0.002944753970950842, 0.0024412868078798056, 0.002257821150124073, 0.0021969203371554613"
img83.png,Lloyd beauty prayveisvat,"Lloyd, Perry, ..., fool, Cape, accommod, draft, _, ber, enson","0.003088245866820216, 0.002912493422627449, 0.0027682858053594828, 0.0025502643547952175, 0.0025107262190431356, 0.0024525653570890427, 0.0021898942068219185, 0.0020491948816925287, 0.002017425373196602, 0.0019939213525503874"
img84.png,Lloyd listeninglezadin Gard,"Lloyd, ..., iss, itter, Run, Perry, stem, irit, angry, pios","0.005692652426660061, 0.0051428829319775105, 0.004450793843716383, 0.0033727851696312428, 0.0032946544233709574, 0.0032435753382742405, 0.002626727567985654, 0.0023916626814752817, 0.0023180788848549128, 0.002211926504969597"
img85.png,Lloydolt◄ dearse,"Lloyd, Gal, draft, iss, ..., Perry, succ, Run, hos, Via","0.005280023440718651, 0.003343102755025029, 0.003291272558271885, 0.003116114065051079, 0.0030678033363074064, 0.0027823769487440586, 0.0026446119882166386, 0.0026240311563014984, 0.0023521664552390575, 0.002201041206717491"
img86.png,ensonruf Gent gentids,"enson, mand, draft, Run, listening, iss, ..., via, _, Gal","0.006090329959988594, 0.004218648187816143, 0.003650935599580407, 0.0030743961688131094, 0.0029914695769548416, 0.0028102255892008543, 0.002734424779191613, 0.0024511225055903196, 0.0023757091257721186, 0.002266917610540986"
img87.png,Lloydauslioruf medium,"Lloyd, ..., Gal, Pic, Run, Perry, More, tongue, Tra, enson","0.010664462111890316, 0.005136891733855009, 0.00362840062007308, 0.0029846408870071173, 0.0029614141676574945, 0.002738860435783863, 0.0025035212747752666, 0.002484038705006242, 0.00244552711956203, 0.002388876397162676"
img88.png,Lloydruf Murrayosen Zach,"Lloyd, hos, enson, iss, accommod, ..., figur, Gal, _, HO","0.007701903581619263, 0.005211369134485722, 0.00454543624073267, 0.004354261793196201, 0.003709877375513315, 0.003695413703098893, 0.003417699132114649, 0.0033385283313691616, 0.002980970311909914, 0.002661706879734993"
img89.png,Lloyd lem Gentaszt Gent,"Lloyd, ..., accommod, Run, iss, mand, South, Perry, enson, Gal","0.014550447463989258, 0.00608926871791482, 0.005208427552133799, 0.0044550043530762196, 0.0031963090877979994, 0.002967672422528267, 0.0029445779509842396, 0.0028763667214661837, 0.0026706161443144083, 0.0022842991165816784"
img90.png,ensonlez Lloyd slo Rib,"enson, HO, Lloyd, ..., succ, iss, Run, mand, draft, accommod","0.0047498177736997604, 0.00441005639731884, 0.003502296283841133, 0.0034211655147373676, 0.003407827578485012, 0.003341914154589176, 0.002858490915969014, 0.0028032022528350353, 0.002542394446209073, 0.0023330319672822952"
img91.png,ensonruf Gentattenruf,"enson, ..., Run, accommod, Lloyd, _, Ho, iss, harm, figur","0.021547099575400352, 0.006221766117960215, 0.005178213119506836, 0.004960424266755581, 0.004226333927363157, 0.0032152251806110144, 0.0025936176534742117, 0.0025138205382972956, 0.002315839985385537, 0.002315839985385537"
img92.png,enson Marcusfern Klein tor,"enson, ..., Lloyd, Run, draft, fool, Perry, chief, listening, verse","0.0059578330256044865, 0.004375903867185116, 0.003831669455394149, 0.0036848802119493484, 0.0033946705516427755, 0.002727694809436798, 0.0026854057796299458, 0.0024355570785701275, 0.0022262795828282833, 0.0021409920882433653"
img93.png,Lloyd listening medium ... determin,"Lloyd, South, listening, Run, ..., voy, Blue, accommod, tongue, Black","0.007010516710579395, 0.00430221576243639, 0.0035527569707483053, 0.003525109263136983, 0.0032348220702260733, 0.0031971351709216833, 0.0026505179703235626, 0.002619638806208968, 0.0025891191326081753, 0.002432252047583461"
img94.png,Lloydrufome Gard Marcus,"Lloyd, Run, ..., listening, figur, DIR, draft, hell, via, sky","0.00519132986664772, 0.003312725108116865, 0.003136425046250224, 0.003075761254876852, 0.003063769545406103, 0.0029007187113165855, 0.0026103644631803036, 0.002481116447597742, 0.002147227292880416, 0.0020811641588807106"
img95.png,Lloydruf dr ideagg,"Lloyd, enson, Run, fool, mand, ..., iss, DIR, ł, Gal","0.005956142209470272, 0.0034741873387247324, 0.0034069898538291454, 0.002769863698631525, 0.002759064780548215, 0.0027375936042517424, 0.00264302222058177, 0.0024064991157501936, 0.0023877716157585382, 0.002314307726919651"
img96.png,draft travassaworare,"draft, pios, Lloyd, enson, tongue, _, Run, chief, ..., Gal","0.004117398988455534, 0.003231783164665103, 0.003059790935367346, 0.002977258525788784, 0.0024394781794399023, 0.0023460229858756065, 0.0022298635449260473, 0.0022125104442238808, 0.0021444386802613735, 0.002102961763739586"
img97.png,Lloyd Gialoyd Schleslez,"Lloyd, Run, enson, accommod, ski, ..., draft, Ski, iss, via","0.007017866242676973, 0.005318096838891506, 0.004748526029288769, 0.0041742222383618355, 0.003936666063964367, 0.003327979939058423, 0.0032892078161239624, 0.003077878151088953, 0.0029831817373633385, 0.0029369317926466465"
img98.png,ensonruf Gardantaston,"enson, Lloyd, accommod, ..., HO, Wes, mand, _, iss, Ho","0.012556293979287148, 0.005571821704506874, 0.005153092555701733, 0.004222292918711901, 0.0031996278557926416, 0.0027154891286045313, 0.0025911375414580107, 0.002570973476395011, 0.0023408979177474976, 0.0023226807825267315"
img99.png,Lloyd compared Prop fooltrat,"Lloyd, accommod, Run, Gal, mand, ..., listening, whom, hell, Perry","0.008808905258774757, 0.004464135970920324, 0.0039704847149550915, 0.0029621622525155544, 0.0028154952451586723, 0.00231596315279603, 0.0021252473816275597, 0.0021252473816275597, 0.00207601604051888, 0.0020279251039028168"
img100.png,draft accommod traviba Gal,"draft, hos, ..., Gal, Lloyd, enson, medium, Run, iss, figur","0.0034461189061403275, 0.0033400929532945156, 0.003314100205898285, 0.0031623365357518196, 0.0030293327290564775, 0.002601267071440816, 0.0022688654717057943, 0.002156526083126664, 0.001986684976145625, 0.001963539281859994"
img101.png,Lloyd listeninglezadinUSE,"Lloyd, accommod, draft, Gal, HO, mand, Run, hos, bage, ...","0.007390445098280907, 0.005000625737011433, 0.002974368631839752, 0.002916838973760605, 0.002604444045573473, 0.002465838100761175, 0.0022984135430306196, 0.0021009203046560287, 0.0020927295554429293, 0.0020442514214664698"
img102.png,RunNS❯ advanced Gent,"Run, Lloyd, ..., bage, urst, Gal, pios, voy, accommod, inas","0.005121723748743534, 0.003479095408692956, 0.0031308471225202084, 0.0029991676565259695, 0.0026675148401409388, 0.002457429887726903, 0.00228164647705853, 0.0019592340104281902, 0.0019364081090316176, 0.0019213389605283737"
img103.png,figurˌ Cobadefel,"figur, enson, Lloyd, ..., mand, Run, irit, ach, Perry, Ski","0.006002536043524742, 0.00517450924962759, 0.005094286520034075, 0.004357373807579279, 0.004157835152000189, 0.0032255009282380342, 0.00303007778711617, 0.002971470821648836, 0.002936852164566517, 0.0028576357290148735"
img104.png,Lloydrufome ... Nor,"Lloyd, enson, ..., hos, draft, Run, Gal, listening, pios, _","0.009745467454195023, 0.007560188882052898, 0.0061463890597224236, 0.004805548116564751, 0.004126491025090218, 0.0030072350054979324, 0.0029147120658308268, 0.0027703947853296995, 0.0023882295936346054, 0.002166030230000615"
img105.png,... antiilda Gentdefin,"..., Lloyd, accommod, sky, pios, iss, Gal, Fern, medium, enson","0.0033980642911046743, 0.003130443627014756, 0.002987090265378356, 0.0028614571783691645, 0.0026986110024154186, 0.00259522907435894, 0.0023908368311822414, 0.0021264543756842613, 0.0020370185375213623, 0.0019976189360022545"
img106.png,enson Marcusatisrufuper,"enson, Lloyd, figur, draft, Gal, stem, iss, ..., fool, Perry","0.01033810805529356, 0.005867511499673128, 0.004788923542946577, 0.004048461094498634, 0.0033562921453267336, 0.0030678994953632355, 0.002904628636315465, 0.002782464027404785, 0.0027074115350842476, 0.002523585222661495"
img107.png,Lloydachen zach ... black,"Lloyd, Run, succ, accommod, ..., Perry, draft, _, via, enson","0.004064162261784077, 0.0035172393545508385, 0.003252914873883128, 0.002973404712975025, 0.0027932552620768547, 0.002771517960354686, 0.0026036000344902277, 0.0025038577150553465, 0.002218295354396105, 0.0021753895562142134"
img108.png,enson Marcusfernrufaltern,"enson, Run, ..., Perry, accommod, Lloyd, iss, irit, fool, chief","0.005988443270325661, 0.0037768634501844645, 0.003412111895158887, 0.003022963646799326, 0.0029644942842423916, 0.002515933709219098, 0.002506125019863248, 0.0022729565389454365, 0.0022289936896413565, 0.0022030253894627094"
img109.png,figurˌ Singilda inher,"figur, listening, Perry, ..., mand, Gal, Lloyd, Stat, Summer, Run","0.0057608094066381454, 0.004557175561785698, 0.0036905130837112665, 0.0032696134876459837, 0.003035733476281166, 0.002885423833504319, 0.002807594370096922, 0.002796648535877466, 0.002796648535877466, 0.002094592899084091"
img110.png,enson subtuffer Gent Anderson,"enson, Run, ..., hos, via, draft, iss, accommod, Gal, DIR","0.006860554218292236, 0.0057322075590491295, 0.005469711031764746, 0.0049030170775949955, 0.0031165473628789186, 0.0027396208606660366, 0.002370944246649742, 0.0022801144514232874, 0.002218612702563405, 0.0022013469133526087"
img111.png,Lloydruf tend trade trav,"Lloyd, enson, Gal, mand, ..., iss, fool, figur, Run, Wes","0.005433705635368824, 0.005144529044628143, 0.004739362746477127, 0.0031943107023835182, 0.0031818572897464037, 0.0029427369590848684, 0.0027429324109107256, 0.002710976405069232, 0.0025566942058503628, 0.0025269079487770796"
img112.png,Galdefin gent medium ...,"Gal, ..., Lloyd, hos, Run, sky, iss, mand, figur, Perry","0.004551016725599766, 0.00401625782251358, 0.0038623977452516556, 0.003772925352677703, 0.003530517453327775, 0.0029383571818470955, 0.002696388168260455, 0.002503511728718877, 0.0023518314119428396, 0.0022529165726155043"
img113.png,Lloydrufinks Gard commit,"Lloyd, enson, ..., _, Fern, via, draft, accommod, mand, iss","0.009399215690791607, 0.004726222716271877, 0.0036379036027938128, 0.0033908989280462265, 0.003364510601386428, 0.003235618118196726, 0.003099532565101981, 0.002844291040673852, 0.0025496056769043207, 0.002461528405547142"
img114.png,figur宿 dist hoofd pra,"figur, accommod, Lloyd, HO, iss, ..., enson, mand, draft, _","0.0035542654804885387, 0.0034991619177162647, 0.0029813230503350496, 0.0029697001446038485, 0.0028895975556224585, 0.002631008392199874, 0.002395560499280691, 0.002395560499280691, 0.0023769179824739695, 0.002321857027709484"
img115.png,Run ... tor ... trav,"Run, Perry, Lloyd, Gal, ..., DIR, sky, via, hell, accommod","0.00400781212374568, 0.003750312840566039, 0.0030017124954611063, 0.002701248973608017, 0.0025675008073449135, 0.0025375885888934135, 0.0023377363104373217, 0.002319543855264783, 0.0022394137922674417, 0.0020550016779452562"
img116.png,fool foolachimferncin,"fool, enson, Lloyd, Gal, HO, via, Ho, pios, mand, Wes","0.005850895773619413, 0.005203894339501858, 0.005083346273750067, 0.0031935274600982666, 0.003035404719412327, 0.0026578891556710005, 0.002647527027875185, 0.0021356740035116673, 0.0020378741901367903, 0.0019906670786440372"
img117.png,Lloydruf Bab Anderson Anderson,"Lloyd, enson, Perry, mand, HO, ..., Run, fool, draft, Blue","0.003729750169441104, 0.0037007248029112816, 0.0035728816874325275, 0.0030441335402429104, 0.0029620230197906494, 0.0029389725532382727, 0.0025335527025163174, 0.0024845495354384184, 0.002380052348598838, 0.0022799507714807987"
img118.png,Lloydauslioruf medium,"Lloyd, Run, ..., figur, accommod, listening, Tra, mand, enson, Gal","0.013880736194550991, 0.007606016006320715, 0.007576363626867533, 0.005207153037190437, 0.0034417177084833384, 0.003348883707076311, 0.0032080337405204773, 0.003121502697467804, 0.00310933287255466, 0.003061127383261919"
img119.png,Lloydruf веchas dra,"Lloyd, accommod, succ, draft, hos, HO, mand, hell, Run, Perry","0.005246052052825689, 0.003913792781531811, 0.0035220326390117407, 0.0028971447609364986, 0.0025767742190510035, 0.0024491893127560616, 0.002238740213215351, 0.002144581638276577, 0.0021031019277870655, 0.002094902563840151"
img120.png,Perrybaumruf Gard Marcus,"Perry, Lloyd, Run, ..., iss, figur, enson, Gal, chief, angry","0.005785374436527491, 0.004666873253881931, 0.004648678936064243, 0.003564265789464116, 0.00345460488460958, 0.0029318849556148052, 0.0027328175492584705, 0.002577292500063777, 0.0023558358661830425, 0.0022567524574697018"
img121.png,Lloydrufmedium pod Kap,"Lloyd, Run, hell, draft, Perry, ..., listening, hos, mand, Gal","0.007850253954529762, 0.004561160691082478, 0.003825908061116934, 0.003810992231592536, 0.003737281309440732, 0.0030265424866229296, 0.002528771059587598, 0.002460561692714691, 0.002460561692714691, 0.002460561692714691"
img122.png,ensonruf distʊ Gard,"enson, Lloyd, ..., iss, Run, HO, chief, accommod, via, stem","0.005828482564538717, 0.005760578904300928, 0.005265595391392708, 0.003913057968020439, 0.003399723907932639, 0.002807481912896037, 0.002796536311507225, 0.002637385157868266, 0.0024202007334679365, 0.002345738932490349"
img123.png,... Gir Wo inherosis,"..., enson, succ, _, Gal, Lloyd, Hell, irit, verse, Blue","0.005816443357616663, 0.00485982047393918, 0.004205823875963688, 0.0037996454630047083, 0.0033531752415001392, 0.003162345150485635, 0.0029132890049368143, 0.002812648192048073, 0.002683847676962614, 0.0026525796856731176"
img124.png,mandloyd Anderson eff solit,"mand, HO, succ, Stat, whom, figur, Lloyd, Gal, Ward, hell","0.0037770220078527927, 0.0027204870712012053, 0.002486726501956582, 0.002486726501956582, 0.0023821378126740456, 0.002336063189432025, 0.002336063189432025, 0.0022908796090632677, 0.00213533453643322, 0.0020455252379179"
img125.png,ensonidente zach Gallsten,"enson, Lloyd, ..., figur, loyd, accommod, _, draft, HO, listening","0.005032987333834171, 0.00404411880299449, 0.004028352443128824, 0.0032878455240279436, 0.0030886447057127953, 0.0029472054447978735, 0.0028453930281102657, 0.002693963935598731, 0.002580659231171012, 0.00236814608797431"
img126.png,Lloydruf Podпеdefin,"Lloyd, ..., Gal, iss, Run, Perry, ach, draft, Blue, figur","0.00554029643535614, 0.0035354099236428738, 0.003231626469641924, 0.003119988366961479, 0.0029771137051284313, 0.0029539454262703657, 0.0028968111146241426, 0.0028630620799958706, 0.002818674547597766, 0.002742645563557744"
img127.png,LloydrufChangesIONS∞,"Lloyd, enson, Run, ..., mand, iss, accommod, DIR, Tra, Perry","0.008548859506845474, 0.007968413643538952, 0.007573870476335287, 0.004986505955457687, 0.004452448338270187, 0.0031083100475370884, 0.0027754083275794983, 0.0026900179218500853, 0.0022563913371413946, 0.0022127486299723387"
img128.png,accommod Marcus compared cause non,"accommod, Run, Lloyd, ams, via, Perry, Black, irit, Ocean, SH","0.0056220837868750095, 0.00303288665600121, 0.0025439898017793894, 0.002475369954481721, 0.0023344962392002344, 0.0022626714780926704, 0.0022363103926181793, 0.0021930562797933817, 0.002100819256156683, 0.002052153693512082"
img129.png,Lloydrufaborloyd Marcus,"Lloyd, ..., iss, Run, listening, enson, accommod, isson, pios, hos","0.008549646474421024, 0.00532937329262495, 0.004248946439474821, 0.004166764672845602, 0.003550127847120166, 0.0034141247160732746, 0.0031085959635674953, 0.0027756637427955866, 0.0027433261275291443, 0.002212952123954892"
img130.png,Lloyd Sing�Switch Gil,"Lloyd, ski, ..., Gal, Run, hos, Perry, accommod, Ski, sky","0.005673901177942753, 0.005288657732307911, 0.004200046882033348, 0.003536794101819396, 0.0031827702187001705, 0.003145689843222499, 0.0030251801945269108, 0.0029782792553305626, 0.002776061650365591, 0.0023468276485800743"
img131.png,Lloydters Gard Galldefin,"Lloyd, enson, ..., _, Run, Gal, via, hos, mand, Hell","0.009455228224396706, 0.00834420882165432, 0.0043120416812598705, 0.0035331607796251774, 0.003384560579434037, 0.003280428471043706, 0.0029176734387874603, 0.0026358983013778925, 0.0025647995062172413, 0.0025448400992900133"
img132.png,... anti Nor Agentoco,"..., accommod, iss, Perry, enson, Lloyd, via, draft, Run, Fern","0.0049109444953501225, 0.003663787618279457, 0.0035096940118819475, 0.003297052113339305, 0.0032459362410008907, 0.003195612458512187, 0.002932458883151412, 0.0028757399413734674, 0.0027655723970383406, 0.0025378314312547445"
img133.png,Lloydters subt midosto,"Lloyd, ..., iss, figur, Perry, Run, draft, listening, enson, accommod","0.01169455423951149, 0.007699493784457445, 0.00431902427226305, 0.0042025260627269745, 0.004041529726237059, 0.0034569036215543747, 0.0030746336560696363, 0.002945318818092346, 0.00291100493632257, 0.00287709035910666"
img134.png,Galdefin gent ...бо,"Gal, Lloyd, ..., mand, enson, iss, conscious, Tra, draft, Blue","0.009529833681881428, 0.006999464239925146, 0.0044317846186459064, 0.0033322439994663, 0.0032677925191819668, 0.0031303539872169495, 0.002202478935942054, 0.002134715672582388, 0.002126393374055624, 0.002044932683929801"
img135.png,enson Marcusatisrufuper,"enson, Lloyd, ..., Run, draft, succ, Ski, accommod, mand, inas","0.009398890659213066, 0.006212288048118353, 0.0057904887944459915, 0.003979741130024195, 0.003738620551303029, 0.0036806585267186165, 0.0031978117767721415, 0.0030753053724765778, 0.002811056561768055, 0.0021218969486653805"
img136.png,Lloydolt◄ accident Nav,"Lloyd, Perry, hos, DIR, succ, via, _, Pic, Gal, iss","0.004184272605925798, 0.003854732494801283, 0.0036353589966893196, 0.0028312206268310547, 0.002618450904265046, 0.002557794563472271, 0.0025478224270045757, 0.002527995267882943, 0.0024790994357317686, 0.0024311491288244724"
img137.png,... anti listening Wor hypoth,"..., enson, Run, Perry, draft, Lloyd, Blue, Gal, Stat, _","0.0056214784272015095, 0.004827124532312155, 0.003818569937720895, 0.003672282909974456, 0.003476847195997834, 0.0032661957666277885, 0.003190534422174096, 0.0031044750940054655, 0.002750412793830037, 0.0026244621258229017"
img138.png,Lloyd Gadefindal ...,"Lloyd, accommod, ..., Gal, Perry, Run, ach, DIR, enson, iss","0.007342785596847534, 0.00585417915135622, 0.005393122788518667, 0.004418966360390186, 0.0036921845749020576, 0.0026802385691553354, 0.002577560255303979, 0.002411953639239073, 0.0022219959646463394, 0.0021790184546262026"
img139.png,Lloydruf non Readatr,"Lloyd, Perry, HO, Gal, enson, _, hos, mand, figur, ...","0.0107608987018466, 0.005004283040761948, 0.0034799326676875353, 0.0034528509713709354, 0.0033860669936984777, 0.003095116000622511, 0.0029189721681177616, 0.0026890833396464586, 0.0025860662572085857, 0.00256594130769372"
img140.png,... Gir  Gil purs,"..., Run, Lloyd, enson, mand, draft, _, iss, Wes, Perry","0.006902860477566719, 0.006459356285631657, 0.0064090886153280735, 0.005010939668864012, 0.003403841517865658, 0.003051183884963393, 0.0030156364664435387, 0.0027673037257045507, 0.0027565148193389177, 0.002661289880052209"
img141.png,Lloydruf Cooperershellˌ,"Lloyd, _, mand, ..., che, enson, draft, iss, hell, fool","0.006361844018101692, 0.005013012792915106, 0.003798830322921276, 0.0030405456200242043, 0.002946997992694378, 0.002946997992694378, 0.0027576552238315344, 0.0026007164269685745, 0.0026007164269685745, 0.002510873833671212"
img142.png,LloydrufabolPager Gard,"Lloyd, ..., enson, accommod, listening, draft, irit, _, Ho, mand","0.010307216085493565, 0.006300675217062235, 0.005495545919984579, 0.002918662503361702, 0.002752560656517744, 0.0027098865248262882, 0.002545702736824751, 0.0024481783621013165, 0.002326960675418377, 0.002326960675418377"
img143.png,ensonruf Gent gent bias,"enson, _, Perry, iss, accommod, ..., fool, stem, Quint, ョ","0.007671926636248827, 0.0037389984354376793, 0.003210651921108365, 0.0031608755234628916, 0.003051681676879525, 0.002923332154750824, 0.0028556131292134523, 0.002589928451925516, 0.0023035299964249134, 0.0022856038995087147"
img144.png,... Gir ... Kir ...,"..., draft, enson, Run, Lloyd, iss, HO, Fern, Sing, Cape","0.005633399356156588, 0.004743798170238733, 0.00450891675427556, 0.0042192209511995316, 0.003932746592909098, 0.0029454913455992937, 0.002713513560593128, 0.0026095604989677668, 0.002451455220580101, 0.002451455220580101"
img145.png,Galdefin gentmedium ...,"Gal, Lloyd, hos, ..., enson, figur, Run, HO, mand, sky","0.005504136439412832, 0.004800793249160051, 0.003933629021048546, 0.0032866697292774916, 0.0031484365463256836, 0.0029576828237622976, 0.0023488770239055157, 0.002206566045060754, 0.002197963185608387, 0.0019396956777200103"
img146.png,Runrum Anderson Lemdefin,"Run, Lloyd, Perry, hip, ..., draft, accommod, Wagner, fool, enson","0.005208124872297049, 0.004950252827256918, 0.004420078359544277, 0.003428939962759614, 0.0029791141860187054, 0.002776840003207326, 0.0025984300300478935, 0.0024794391356408596, 0.0023937858641147614, 0.0021626052912324667"
img147.png,Perryurst❯ovieˌ,"Perry, _, sky, Turk, Gal, ..., conscious, Wagner, abase, fool","0.0070475805550813675, 0.0033160625025629997, 0.0028474798891693354, 0.00260280747897923, 0.002261358080431819, 0.0022350125946104527, 0.0021410109475255013, 0.0019647020380944014, 0.0019267011666670442, 0.0019267011666670442"
img148.png,... Gir mist soonerosis,"..., Lloyd, iss, _, Run, chief, Wes, hos, sky, Pick","0.007879416458308697, 0.0062088314443826675, 0.00404016301035881, 0.003551531583070755, 0.0034828386269509792, 0.002440929412841797, 0.0023843853268772364, 0.0023658298887312412, 0.002257490763440728, 0.002154112560674548"
img149.png,... Gir ... Kirkiod,"..., Lloyd, mand, figur, listening, HO, Tra, DIR, hos, accommod","0.006655929610133171, 0.0038371386472135782, 0.003521156031638384, 0.003282078541815281, 0.002873883815482259, 0.00271033076569438, 0.0025862157344818115, 0.0024581633042544127, 0.0022734294179826975, 0.0022734294179826975"
img150.png,Lloyd Zachodesosveis,"Lloyd, ..., hos, pios, enson, Perry, succ, via, Wo, chief","0.00718672527000308, 0.0033947688061743975, 0.002572535304352641, 0.002512942301109433, 0.002473982749506831, 0.0023150313645601273, 0.0023150313645601273, 0.002270254073664546, 0.002166291931644082, 0.0019956815522164106"
img151.png,... Marcus повruf inher,"..., Lloyd, enson, Wes, Perry, via, accommod, Blue, Gal, mand","0.0056341481395065784, 0.0046708728186786175, 0.004042303655296564, 0.003457565326243639, 0.0034172835294157267, 0.003273557173088193, 0.0030512907542288303, 0.00291156186722219, 0.0024422225542366505, 0.0020807995460927486"
img152.png,enson Marcus inherˌ Gent,"enson, Lloyd, HO, draft, iss, fool, ..., via, accommod, Run","0.007254524156451225, 0.00528683140873909, 0.0034807585179805756, 0.0034536714665591717, 0.003206625347957015, 0.0030597832519561052, 0.0029889033176004887, 0.0027535068802535534, 0.002658385783433914, 0.0025765958707779646"
img153.png,piosinceatroizoaton,"pios, Schles, draft, Lloyd, _, mand, enson, figur, conscious, Perry","0.0044858441688120365, 0.0035904250107705593, 0.003281913697719574, 0.00309513951651752, 0.0029882167000323534, 0.002976566320285201, 0.002873739693313837, 0.002840259810909629, 0.0025261794216930866, 0.0024967482313513756"
img154.png,Lloyd Gadefinkap Gall,"Lloyd, ..., enson, draft, Perry, Run, _, figur, iss, mand","0.007312006317079067, 0.006278769113123417, 0.003959970083087683, 0.0034137077163904905, 0.0032068814616650343, 0.0027645044028759003, 0.0025868869852274656, 0.002507296623662114, 0.0024975219275802374, 0.002401843434199691"
img155.png,Run ...pis read[:,"Run, ..., via, enson, Gal, fool, Perry, accommod, ..., applications","0.0035798954777419567, 0.003565938910469413, 0.003159246640279889, 0.002508951351046562, 0.00238472456112504, 0.0022315073292702436, 0.0021460196003317833, 0.0020963072311133146, 0.0019387671491131186, 0.0018427723553031683"
img156.png,Lloyd accommod Marcusrieranche,"Lloyd, draft, Perry, _, HO, enson, iss, ..., fool, ach","0.005638826638460159, 0.005194730591028929, 0.004256409592926502, 0.003756268648430705, 0.003756268648430705, 0.0033802755642682314, 0.0028688025195151567, 0.002748144557699561, 0.002716127783060074, 0.0026120746042579412"
img157.png,enson Marcusatisruf profil,"enson, iss, ..., draft, Lloyd, Perry, Run, Tra, Blue, Gal","0.005274397321045399, 0.00482118921354413, 0.004529088269919157, 0.004321685992181301, 0.0041077048517763615, 0.0037547461688518524, 0.003568836022168398, 0.0030170229729264975, 0.0027794120833277702, 0.002510989550501108"
img158.png,enson Marcus inher quaritel,"enson, Lloyd, ..., draft, HO, Run, figur, _, fool, sky","0.005653789732605219, 0.005544435698539019, 0.005068024154752493, 0.0042677042074501514, 0.0032340402249246836, 0.0032340402249246836, 0.0029217118863016367, 0.002670661313459277, 0.002588493749499321, 0.002412741305306554"
img159.png,accommod GentcommitGit repro,"accommod, enson, _, Lloyd, mand, ..., Ski, ョ, Cape, Fern","0.009309222921729088, 0.007931556552648544, 0.005061336327344179, 0.004363144747912884, 0.0038354501593858004, 0.0035058853682130575, 0.003130403347313404, 0.002595195546746254, 0.00253507774323225, 0.0024957749992609024"
img160.png,draft mediumssss Sib,"draft, enson, mand, iss, stem, Lloyd, ..., Run, Gal, via","0.005673258565366268, 0.00518577778711915, 0.004487916827201843, 0.0040862951427698135, 0.0036916593089699745, 0.003634425811469555, 0.0029547670856118202, 0.0027866107411682606, 0.0025872804690152407, 0.002468800637871027"
img161.png,Lloydpole coal Adam Gall,"Lloyd, ..., Perry, figur, Gal, enson, mand, Blue, Run, draft","0.006126041989773512, 0.005427372641861439, 0.004378085024654865, 0.004276666324585676, 0.004001894034445286, 0.003253516275435686, 0.002893737517297268, 0.0027828800957649946, 0.002523962641134858, 0.0024751448072493076"
img162.png,listeninglezruf hypoth지,"listening, Blue, Run, Lloyd, bage, draft, hip, Black, ..., enden","0.004852041602134705, 0.003991181030869484, 0.0035084730479866266, 0.0034675979986786842, 0.003387270960956812, 0.0033609112724661827, 0.003308804938569665, 0.002977602183818817, 0.0028081464115530252, 0.002690039575099945"
img163.png,figurabase比lonGit,"figur, Lloyd, ach, DIR, iss, ..., mand, Perry, fool, Run","0.0038372718263417482, 0.003763052634894848, 0.0035767308436334133, 0.0035488964058458805, 0.00350755057297647, 0.00329503882676363, 0.003218709258362651, 0.0029536536894738674, 0.0028405010234564543, 0.0026998580433428288"
img164.png,Lloyd listeninglezunstlez,"Lloyd, enson, ..., accommod, chief, Gal, iss, stem, fool, Ski","0.007665239740163088, 0.005608009174466133, 0.00431663915514946, 0.0038543245755136013, 0.0037797754630446434, 0.0037211752496659756, 0.0033096817787736654, 0.0031828898936510086, 0.003001750912517309, 0.0028088907711207867"
img165.png,enson MarcusuberProcloat,"enson, iss, Run, Perry, via, Gal, ..., draft, fool, Lloyd","0.0038626515306532383, 0.003714675549417734, 0.0036003871355205774, 0.0034760101698338985, 0.003462458262220025, 0.0032273661345243454, 0.0032273661345243454, 0.0031897660810500383, 0.0030436962842941284, 0.002464860212057829"
img166.png,enson Rudolfimpl Gent❯,"enson, Lloyd, Run, irit, iss, ..., _, accommod, Gal, Perry","0.012770854867994785, 0.004981641191989183, 0.004362070932984352, 0.0039408025331795216, 0.0037456797435879707, 0.0033839400857686996, 0.0029171386267989874, 0.0028495630249381065, 0.0026873936876654625, 0.0024278578348457813"
img167.png,figur Andrewizoruf solit,"figur, enson, Perry, whom, listening, draft, fool, mag, iss, sky","0.006759133189916611, 0.005758853163570166, 0.004246312193572521, 0.0028286536689847708, 0.0025158568751066923, 0.002467195736244321, 0.002447995822876692, 0.002410043263807893, 0.002061418956145644, 0.0020533823408186436"
img168.png,Run present Lloydédé finite,"Run, Lloyd, draft, accommod, Fern, Ski, bage, ach, enson, mand","0.005636702757328749, 0.005378579720854759, 0.003379002446308732, 0.003365828888490796, 0.00328785995952785, 0.0028343121521174908, 0.0027363996487110853, 0.002550604986026883, 0.0025307561736553907, 0.002472131047397852"
img169.png,mandurstiser Gent alleg,"mand, Pic, ..., Lloyd, fee, succ, whom, Gal, accommod, jug","0.003550746012479067, 0.003271100576967001, 0.0032078318763524294, 0.0031213059555739164, 0.0030371141619980335, 0.00259778113104403, 0.002547535812482238, 0.002222000155597925, 0.002111981390044093, 0.0021037475671619177"
img170.png,Lloyd fil Peters Anderson…,"Lloyd, ..., mand, bage, Run, Gal, figur, irit, listening, tongue","0.009993443265557289, 0.0066831232979893684, 0.0036477723624557257, 0.0031079407781362534, 0.0030837547965347767, 0.002785940421745181, 0.002586658112704754, 0.0023829410783946514, 0.0021952681709080935, 0.0020302911289036274"
img171.png,... anti VidTagName ...,"..., Run, DIR, accommod, ..., iss, Gal, via, Tra, Lloyd","0.00924176350235939, 0.008187748491764069, 0.0037340098060667515, 0.003206368302926421, 0.0030595380812883377, 0.002988664200529456, 0.002710600383579731, 0.002637486672028899, 0.0025068954564630985, 0.00228255451656878"
img172.png,Run present tact ann Mason,"Run, Lloyd, draft, ..., mand, bage, Gal, listening, enson, accommod","0.005079502705484629, 0.004344729240983725, 0.0037895399145781994, 0.0033312193118035793, 0.003056898945942521, 0.0026977036613970995, 0.002645525150001049, 0.0024087782949209213, 0.002316499361768365, 0.0022190704476088285"
img173.png,Lloydscheruf dist dist,"Lloyd, mand, Gal, Blue, accommod, via, Wes, Run, Perry, listening","0.00539022171869874, 0.0043311649933457375, 0.003521212376654148, 0.002953598042950034, 0.002919187303632498, 0.0027530561201274395, 0.002566130366176367, 0.002364030107855797, 0.002309267409145832, 0.0020379212219268084"
img174.png,Lloyd listening accommodvex Alfonso,"Lloyd, mand, Gal, ..., enson, draft, conscious, iss, Isa, hell","0.0067674946039915085, 0.005523468367755413, 0.004970583599060774, 0.003389643505215645, 0.0032982134725898504, 0.002899315906688571, 0.0025387255009263754, 0.0024702479131519794, 0.0023663523606956005, 0.002257989253848791"
img175.png,Lloydrufwo alternative tut,"Lloyd, enson, ..., accommod, Run, draft, Blue, HO, iss, ski","0.009787284769117832, 0.006148697808384895, 0.0055116573348641396, 0.0037003513425588608, 0.003530900226905942, 0.0033956333063542843, 0.0031650785822421312, 0.0031282042618840933, 0.002583261812105775, 0.00238912645727396"
img176.png,Lloydrufwo alternative tut,"Lloyd, Gal, figur, ..., Run, chief, Black, irit, hos, mand","0.007667967118322849, 0.006161384750157595, 0.005743042100220919, 0.005610004533082247, 0.005458684638142586, 0.0029332588892430067, 0.0028653102926909924, 0.0027128211222589016, 0.0023023411631584167, 0.002231505699455738"
img177.png,isslez foollace opposite,"iss, ..., enson, Lloyd, draft, accommod, _, Run, fool, Gal","0.004591948352754116, 0.003943074494600296, 0.00354838278144598, 0.003218243597075343, 0.003168349154293537, 0.002976388670504093, 0.0029074407648295164, 0.002752709435299039, 0.002575849648565054, 0.002308976836502552"
img178.png,ensonlez Lloydolt Holy,"enson, ..., Lloyd, fool, Sing, Schles, Tra, _, conscious, fee","0.008579116314649582, 0.005368674173951149, 0.004364700987935066, 0.002988116815686226, 0.002516246633604169, 0.0025064367800951004, 0.002382334554567933, 0.00236379518173635, 0.002229271223768592, 0.0021188922692090273"
img179.png,Perrybaumruf ...illon,"Perry, draft, accommod, via, succ, iss, HO, Run, irit, enson","0.004885141272097826, 0.004771977197378874, 0.004178483039140701, 0.003644537413492799, 0.0034640838857740164, 0.003241518512368202, 0.003093078965321183, 0.002816280582919717, 0.002418320393189788, 0.002390146255493164"
img180.png,HOIONS Gard accommod Gall,"HO, enson, ..., mand, Run, hell, Perry, figur, Lloyd, listening","0.004980324301868677, 0.004715276416391134, 0.0033698563929647207, 0.0030682890210300684, 0.002826640149578452, 0.002739673713222146, 0.002697198884561658, 0.0026450303848832846, 0.0026450303848832846, 0.0025536564644426107"
img181.png,... Gir ...ruf non,"..., Lloyd, Gal, draft, figur, HO, chief, enson, che, Ho","0.005481823347508907, 0.005417958367615938, 0.004474134184420109, 0.003723704721778631, 0.003197519574314356, 0.003123448695987463, 0.0025995648466050625, 0.0025294460356235504, 0.0025195847265422344, 0.0025097618345171213"
img182.png,Lloydruf incl legal et,"Lloyd, accommod, HO, hos, iss, ..., enson, succ, conscious, ョ","0.0050803255289793015, 0.003895220812410116, 0.0032673170790076256, 0.0032166617456823587, 0.0030217741150408983, 0.0030217741150408983, 0.002951774513348937, 0.002604931825771928, 0.0019817277789115906, 0.0019282740540802479"
img183.png,ensonlez Lloydolt Holy,"enson, ..., draft, Run, _, fool, iss, accommod, Stat, Ho","0.007532000076025724, 0.00448002852499485, 0.003892315784469247, 0.00348904961720109, 0.0034754471853375435, 0.0032904872205108404, 0.002996022580191493, 0.002949573565274477, 0.0026234048418700695, 0.002522903960198164"
img184.png,hos nor foolnitt Gent,"hos, Gal, whom, figur, enson, ISO, Pic, DIR, Lloyd, mand","0.004568318370729685, 0.003984558396041393, 0.0035857141483575106, 0.0030077025294303894, 0.0029265745542943478, 0.002696086885407567, 0.002297094790264964, 0.0022438825108110905, 0.0022177405189722776, 0.002132780384272337"
img185.png,Lloydters Gard Gall dr,"Lloyd, ..., iss, accommod, enson, Run, South, line, voy, irt","0.005202180240303278, 0.0038508602883666754, 0.0031429806258529425, 0.003022574819624424, 0.002964112674817443, 0.002850559540092945, 0.002677852986380458, 0.002308453433215618, 0.002263803966343403, 0.002246186835691333"
