Image File,Inference Result,Top 10 Words,Top 10 Probabilities
img1.png,advental or out best,"advent, ar, quite, Spe, ,, summ, star, season, national, or","0.011011029593646526, 0.00898694060742855, 0.008150801062583923, 0.007838549092411995, 0.005940004717558622, 0.005140645895153284, 0.004130624700337648, 0.004130624700337648, 0.0037317087408155203, 0.0036452636122703552"
img2.png,"w naturalate
ai","w, out, love, where, and, can, under, h, as, outside","0.023275325074791908, 0.00966477207839489, 0.009627093560993671, 0.008299073204398155, 0.00616734754294157, 0.005839127115905285, 0.005839127115905285, 0.005839127115905285, 0.005132921971380711, 0.005073121748864651"
img3.png,ro patRunnerytte,"ro, w, r, match, <0xBC>, ate, understand, summ, h, found","0.011384154669940472, 0.0074078100733459, 0.005814457777887583, 0.0054196701385080814, 0.004934665746986866, 0.00451064994558692, 0.004187996964901686, 0.004155405331403017, 0.004027556627988815, 0.003934258595108986"
img4.png,quite l cablehed,"quite, horse, (, and, lack, fairly, an, _, alk, clear","0.00844827201217413, 0.005497395060956478, 0.005370048340409994, 0.004611223936080933, 0.004417281597852707, 0.004149651620537043, 0.003959625493735075, 0.0037488979287445545, 0.002829816658049822, 0.002818784210830927"
img5.png,"off more due,","off, beyond, dt, Off, bott, let, led, spirit, Off, national","0.0074887964874506, 0.0065063792280852795, 0.0053939782083034515, 0.004577809479087591, 0.004402435850352049, 0.0037509228568524122, 0.003220891347154975, 0.0030854246579110622, 0.0029904963448643684, 0.002776581794023514"
img6.png,search rust orign ant,"search, w, national, m, let, n, taste, off, nation, lack","0.008753153495490551, 0.006978622637689114, 0.006530249956995249, 0.006403943989425898, 0.005830857902765274, 0.005563843064010143, 0.005247203633189201, 0.005145713221281767, 0.005145713221281767, 0.004815104883164167"
img7.png,complement it ingr,"complement, isz, Cu, Mig, and, Upper, ar, search, mt, where","0.00658114068210125, 0.0058762975968420506, 0.00510541582480073, 0.005085511598736048, 0.004987148568034172, 0.004086323548108339, 0.003929778467863798, 0.0038387456443160772, 0.003808872075751424, 0.003522631013765931"
img8.png,search or original on the,"search, un, off, advent, av, clear, fin, hor, sett, fixed","0.014409479685127735, 0.010876845568418503, 0.009339872747659683, 0.00915922224521637, 0.008210273459553719, 0.006780019961297512, 0.006149211432784796, 0.00605387706309557, 0.005776649806648493, 0.005259699188172817"
img9.png,holgenerrunderingenden,"hol, tte, off, beyond, wine, bott, bot, _, love, Kru","0.01354672946035862, 0.005713683553040028, 0.004432472866028547, 0.004067465662956238, 0.003988793585449457, 0.0038963935803622007, 0.0028955538291484118, 0.0028506622184067965, 0.0026571094058454037, 0.0025753588415682316"
img10.png,"talking,ianianot","talking, and, w, off, ', hol, being, advent, (, wine","0.017857883125543594, 0.010416410863399506, 0.008737300522625446, 0.00789349339902401, 0.007159087806940079, 0.006938825827091932, 0.0066991206258535385, 0.005641224794089794, 0.005217280238866806, 0.005116369109600782"
img11.png,"bott,il courd","bott, n, let, clear, uno, quite, search, spec, Spe, hol","0.010580558329820633, 0.007620890624821186, 0.006621144711971283, 0.005843138787895441, 0.004882125649601221, 0.004713470581918955, 0.004604283254593611, 0.004325323738157749, 0.00422512786462903, 0.004000270273536444"
img12.png,"clear, clear nation•","clear, or, <0x0A>, (, off, ', and, art, where, d","0.016271382570266724, 0.01564803533256054, 0.013755504973232746, 0.012573549523949623, 0.007136262021958828, 0.006200091913342476, 0.005756590515375137, 0.0051400563679635525, 0.004735241644084454, 0.0043965233489871025"
img13.png,un sk foreest,"un, clear, ro, lack, an, d, bra, a, this, recent","0.022896146401762962, 0.01416111458092928, 0.012944307178258896, 0.008522309362888336, 0.008390183560550213, 0.006186532787978649, 0.0060432227328419685, 0.005523952655494213, 0.005502416752278805, 0.005189273040741682"
img14.png,nggff le,"<0x0A>, n, ,, l, spirit, sett, such, symbol, gg, hol","0.0113572608679533, 0.011224945075809956, 0.010140893049538136, 0.006370845716446638, 0.005600332748144865, 0.00507928105071187, 0.004923008382320404, 0.004293923731893301, 0.004081317223608494, 0.0038490488659590483"
img15.png,wineing lack and-,"wine, av, and, ar, off, ,, ret, smooth, due, ge","0.009247444570064545, 0.006608851253986359, 0.005924135446548462, 0.005809552501887083, 0.0055219014175236225, 0.00518734659999609, 0.004471772350370884, 0.004200841300189495, 0.003930939827114344, 0.0037803477607667446"
img16.png,"tte ("" switch sho key","tte, inn, ollar, Hamb, enti, hol, smart, ord, sett, ret","0.010338307358324528, 0.00549063365906477, 0.004864431917667389, 0.004733222536742687, 0.004605551715940237, 0.004551894962787628, 0.004276110325008631, 0.0036718661431223154, 0.0029274667613208294, 0.00280434126034379"
img17.png,wine either b Afard,"wine, beyond, money, h, advent, taste, fin, smooth, train, dead","0.01242835819721222, 0.009870120324194431, 0.008541877381503582, 0.007221134379506111, 0.007164939772337675, 0.007081464398652315, 0.006523751188069582, 0.006347784772515297, 0.005140592809766531, 0.004905187524855137"
img18.png,arbaman f f,"ar, and, advent, red, ,, (, clear, f, being, hit","0.010809958912432194, 0.010767815634608269, 0.010036706924438477, 0.008996846154332161, 0.007371751591563225, 0.007314384914934635, 0.007034174166619778, 0.006531010381877422, 0.006280811037868261, 0.00510626332834363"
img19.png,advent streamisegging,"advent, sett, and, let, ,, able, dem, n, b, h","0.00855240412056446, 0.007577010430395603, 0.006818571127951145, 0.006686687935143709, 0.0063308291137218475, 0.006017367821186781, 0.004723086021840572, 0.004436928778886795, 0.003915576264262199, 0.00390031049028039"
img20.png,searchunrogeable,"search, let, national, built, n, la, Ru, brand, love, Turkey","0.005356964655220509, 0.0046907151117920876, 0.0039039594121277332, 0.0037690952885895967, 0.003624703735113144, 0.003112507751211524, 0.003016746137291193, 0.003016746137291193, 0.002969975583255291, 0.0027041935827583075"
img21.png,cold comfort one- sk,"cold, search, season, st, off, hol, or, wine, winter, spec","0.014873421750962734, 0.014247864484786987, 0.006248793564736843, 0.006224431563168764, 0.005667409393936396, 0.0055577922612428665, 0.005514540709555149, 0.005021046381443739, 0.004809868056327105, 0.004680129699409008"
img22.png,"holatonyt
 to","hol, ', or, av, off, feder, ver, su, alleg, (","0.014639042317867279, 0.009525805711746216, 0.009125163778662682, 0.008983691222965717, 0.007023889105767012, 0.006445482838898897, 0.004961265716701746, 0.004922656808048487, 0.0049034650437533855, 0.004734072834253311"
img23.png,"and,yt inclusweg","and, or, features, clear, <0x0A>, (, off, stars, ,, nation","0.0366831012070179, 0.026114024221897125, 0.010551019571721554, 0.009024765342473984, 0.008989580906927586, 0.007629358675330877, 0.006759236566722393, 0.006399516481906176, 0.005781481508165598, 0.005346996709704399"
img24.png,( te duror b,"(, T, fix, and, where, feder, love, ,, ord, discover","0.006816728971898556, 0.006110476329922676, 0.005740261636674404, 0.005563652142882347, 0.00554196210578084, 0.005185894202440977, 0.0051054940558969975, 0.0047034015879035, 0.004576535429805517, 0.004558693151921034"
img25.png,off outside m'/,"off, lack, outside, let, un, beyond, T, out, clear, ro","0.01950105093419552, 0.010520027950406075, 0.008893423713743687, 0.007146067451685667, 0.005352156702429056, 0.004911415744572878, 0.004911415744572878, 0.004351272713392973, 0.004334309138357639, 0.0043005794286727905"
img26.png,", ass lack either Gu",",, where, money, wine, gal, position, alk, and, picture, d","0.019086280837655067, 0.00867033377289772, 0.005686143878847361, 0.005404603201895952, 0.0052794055081903934, 0.004998440388590097, 0.004863616544753313, 0.004806953947991133, 0.004242121707648039, 0.004127698019146919"
img27.png,dead key being c,"dead, al, ret, regional, national, , (, beyond, d, upon","0.009708420373499393, 0.00856765080243349, 0.00836918130517006, 0.007862119004130363, 0.006965451408177614, 0.006804096978157759, 0.00644198851659894, 0.0063421158120036125, 0.005445930175483227, 0.005096032749861479"
img28.png,( clear  asBY,"(, hol, l, target, st, n, front, way, advent, and","0.013216860592365265, 0.009048392064869404, 0.007985178381204605, 0.007299042772501707, 0.007046894636005163, 0.006964796222746372, 0.006542820017784834, 0.006218862719833851, 0.005662339273840189, 0.0053400942124426365"
img29.png,"recent h Lat ease,","recent, love, where, d, national, av, ro, beyond, easy, un","0.01223867665976286, 0.010842866264283657, 0.006576530635356903, 0.0063741919584572315, 0.006202259100973606, 0.00475543737411499, 0.004609127528965473, 0.004537669941782951, 0.00419665826484561, 0.004131595138460398"
img30.png,tte tur [{ y _,"tte, specify, off, love, national, lack, beyond, fix, ish, clear","0.013388138264417648, 0.004147451836615801, 0.004067232832312584, 0.003835765877738595, 0.0036174715496599674, 0.0036174715496599674, 0.0036033685319125652, 0.0034518155734986067, 0.0032809043768793344, 0.00316756428219378"
img31.png,"clear, majogeü","clear, w, hol, ,, fog, and, fin, kn, off, f","0.009375554509460926, 0.008470107801258564, 0.006100789178162813, 0.006006205454468727, 0.006006205454468727, 0.0059827896766364574, 0.005447391886264086, 0.005157487001270056, 0.005137379746884108, 0.005018372554332018"
img32.png,an filasely,"an, l, yt, n, bott, off, ,, this, where, a","0.016219910234212875, 0.013765660114586353, 0.010071172378957272, 0.009992796927690506, 0.009723258204758167, 0.009277996607124805, 0.007904953323304653, 0.006084659602493048, 0.00592053635045886, 0.005497031845152378"
img33.png,or hidden b out f,"or, un, l, where, national, av, Spe, red, ro, local","0.010775004513561726, 0.0069840941578149796, 0.00663828756660223, 0.006163440644741058, 0.005129671189934015, 0.004598207306116819, 0.004474178422242403, 0.004353495314717293, 0.0039949920028448105, 0.003948449157178402"
img34.png,clear the a� sho,"clear, or, n, pers, spec, both, bott, fa, beyond, bot","0.0056062787771224976, 0.005045105237513781, 0.003763877786695957, 0.003749203635379672, 0.003749203635379672, 0.0035220507998019457, 0.0034810181241482496, 0.003453928278759122, 0.003144837450236082, 0.003048080950975418"
img35.png,off eitherch or one,"off, tag, built, sett, n, ,, or, and, lack, clear","0.00885034166276455, 0.007779949810355902, 0.007659332361072302, 0.007280093152076006, 0.007251710165292025, 0.007028598804026842, 0.006551374215632677, 0.0059186737053096294, 0.005431280005723238, 0.005182563792914152"
img36.png,and or and a and,"and, al, or, national, un, run, off, advent, n, brand","0.014225833117961884, 0.010822443291544914, 0.010367264971137047, 0.007979968562722206, 0.006987493950873613, 0.006719807628542185, 0.00600011320784688, 0.005770252551883459, 0.005357497837394476, 0.005295081064105034"
img37.png,inessordbldewan,"iness, clear, dem, cken, isp, má, upon, emberg, vo, horror","0.006091337651014328, 0.004153931047767401, 0.002968680812045932, 0.002843822119757533, 0.0027242146898061037, 0.002640399383381009, 0.0025591629091650248, 0.002451527863740921, 0.002321060048416257, 0.002294018864631653"
img38.png,"ing,ru liee","ing, and, ,, (, tte, n, c, let, way, ret","0.013467519544064999, 0.012072206474840641, 0.008200434036552906, 0.008136617951095104, 0.008041823282837868, 0.006312099285423756, 0.006023047026246786, 0.005906551145017147, 0.005860586185008287, 0.005548690911382437"
img39.png,leth- insp and,"let, beyond, runner, red, national, running, spirit, les, capital, am","0.017570458352565765, 0.007736167870461941, 0.007239124272018671, 0.005275608040392399, 0.0044598947279155254, 0.0030413842760026455, 0.0030295271426439285, 0.0030059509444981813, 0.002982558449730277, 0.00295934802852571"
img40.png,ctteal clear and,"c, let, ret, tte, ,, beyond, n, horse, sett, m","0.010525628924369812, 0.009696663357317448, 0.008261660113930702, 0.008197368122637272, 0.007094230502843857, 0.007066572550684214, 0.006163574289530516, 0.005524992477148771, 0.00501095037907362, 0.0049140299670398235"
img41.png,clear out of thele,"clear, <0x0A>, beyond, outside, off, where, Har, ,, sk, out","0.02674669213593006, 0.01795687898993492, 0.016096442937850952, 0.010515149682760239, 0.007633179891854525, 0.0058754682540893555, 0.0058754682540893555, 0.004986445419490337, 0.004986445419490337, 0.004814186133444309"
img42.png,/ finyt key clear,"/, ,, beyond, where, clear, -, let, d, dem, wild","0.008480126969516277, 0.008381330408155918, 0.007661156356334686, 0.007281825877726078, 0.006867416203022003, 0.0067083328031003475, 0.005369281861931086, 0.0052449023351073265, 0.004794228821992874, 0.004756919573992491"
img43.png,"d,yt t f","d, f, or, med, , (, and, off, av, ret","0.012410147115588188, 0.012217746116220951, 0.010010861791670322, 0.007826981134712696, 0.006907287053763866, 0.006800199393182993, 0.0066167754121124744, 0.006539687979966402, 0.006001155357807875, 0.005977758672088385"
img44.png,clear and bo and sho,"clear, end, search, train, ar, alternative, stars, original, wet, n","0.00992131419479847, 0.007430721074342728, 0.006355832330882549, 0.005832439288496971, 0.004854187369346619, 0.004419787786900997, 0.004283804912120104, 0.00425046868622303, 0.0040716989897191525, 0.004055825062096119"
img45.png,finishi either or (,"fin, nation, under, off, clear, ,, ret, and, where, (","0.008285380899906158, 0.00635262206196785, 0.005540855228900909, 0.005540855228900909, 0.005476302467286587, 0.005412501748651266, 0.005370381288230419, 0.005370381288230419, 0.005005745682865381, 0.004851735197007656"
img46.png,redate night plan har,"red, ord, beyond, gal, r, hol, let, national, out, pocket","0.013724549673497677, 0.006137998308986425, 0.005925958510488272, 0.005788683891296387, 0.004669542890042067, 0.0038260864093899727, 0.003737455001100898, 0.0035524009726941586, 0.003350233193486929, 0.0031968147959560156"
img47.png,off generalr Lam f,"off, out, hol, advent, (, search, season, un, or, love","0.04168594628572464, 0.015216060914099216, 0.008337712846696377, 0.007863213308155537, 0.0075324964709579945, 0.007300746161490679, 0.0060762204229831696, 0.005982016678899527, 0.005912324413657188, 0.005775365047156811"
img48.png,advent rustable ( obvious,"advent, hol, gal, way, said, gal, national, ro, rural, ar","0.007354289293289185, 0.005749943200498819, 0.005727526266127825, 0.004495587199926376, 0.004323363304138184, 0.004256336484104395, 0.004174011293798685, 0.004125382285565138, 0.003998457919806242, 0.0038004801608622074"
img49.png,"ar,ard hrb","ar, hand, b, national, clear, primary, f, an, run, one","0.013120202347636223, 0.010378934442996979, 0.00811475794762373, 0.007534298580139875, 0.007504924200475216, 0.0071333302184939384, 0.006833311636000872, 0.00667501799762249, 0.0058906832709908485, 0.005642928648740053"
img50.png,off of f running of,"off, (, n, head, national, love, d, or, out, pr","0.04251576215028763, 0.017932122573256493, 0.01677999459207058, 0.010098379105329514, 0.009864450432360172, 0.009673654101788998, 0.009635940194129944, 0.009087556973099709, 0.00730205699801445, 0.006674620788544416"
img51.png,"/b, assass smooth","/, off, search, run, out, (, upon, respect, national, ate","0.006404031999409199, 0.004929359070956707, 0.0038240221329033375, 0.0037500588223338127, 0.00353664206340909, 0.003374687861651182, 0.00324540538713336, 0.0032327526714652777, 0.0032201495487242937, 0.002920548664405942"
img52.png,beyond Blanilaest neither,"beyond, wine, where, out, clear, off, due, (, money, ,","0.009479545056819916, 0.00911638978868723, 0.008732966147363186, 0.00853066798299551, 0.006748313549906015, 0.006566288881003857, 0.0063642654567956924, 0.004340052139014006, 0.004256107844412327, 0.004256107844412327"
img53.png,loveTTngptree,"love, n, said, national, ', wine, hand, let, either, this","0.00988964643329382, 0.009698363952338696, 0.009436766617000103, 0.008263109251856804, 0.006665580905973911, 0.005211477633565664, 0.004745103884488344, 0.003783126827329397, 0.0036954910028725863, 0.0035125145222991705"
img54.png,horbble c x,"hor, ret, off, clear, hol, n, and, ,, national, ar","0.011865610256791115, 0.010471363551914692, 0.007966193370521069, 0.006656003650277853, 0.006552811712026596, 0.00630177790299058, 0.005943142808973789, 0.00582819152623415, 0.005561299622058868, 0.005539617966860533"
img55.png,mt clear none icon direct,"mt, ar, la, where, yo, wild, cu, complement, national, yt","0.00553447101265192, 0.004771011881530285, 0.004697044845670462, 0.004464477300643921, 0.004344055894762278, 0.0041289664804935455, 0.003909226972609758, 0.003909226972609758, 0.003803782630711794, 0.0035733231343328953"
img56.png,off countryunes-king,"off, clear, Spe, and, advent, mt, , Off, oud, fix","0.00991899985820055, 0.009803440421819687, 0.005992723163217306, 0.0058539011515676975, 0.00510586379095912, 0.004891118034720421, 0.004134854301810265, 0.0041026771068573, 0.0038843362126499414, 0.0035367286764085293"
img57.png,beyond Wangbisellenener,"beyond, ro, n, uni, hol, red, wine, <0x0A>, sob, b","0.012053122743964195, 0.0060844118706882, 0.005605223122984171, 0.00516377342864871, 0.004794401116669178, 0.004399589728564024, 0.004247603937983513, 0.0037631685845553875, 0.003347031306475401, 0.0033209845423698425"
img58.png,"national andourg cal,","national, advent, off, way, Great, d, un, nation, l, beyond","0.015886744484305382, 0.015218568965792656, 0.012865478172898293, 0.010418782010674477, 0.007216879166662693, 0.006545424927026033, 0.006519906688481569, 0.005798925179988146, 0.005753797944635153, 0.005731366109102964"
img59.png,ro eff enough enough or,"ro, where, national, red, clear, cold, al, extended, sup, (","0.019739879295229912, 0.0071493107825517654, 0.005835097283124924, 0.00499102333560586, 0.004743900615721941, 0.004252404905855656, 0.0036945531610399485, 0.0034979325719177723, 0.003350814338773489, 0.003222446655854583"
img60.png,off or r or Rosen,"off, let, un, (, where, clear, water, and, respect, running","0.021762603893876076, 0.009323488920927048, 0.0070652831345796585, 0.006901616230607033, 0.006358066573739052, 0.005010036285966635, 0.004913133569061756, 0.004335824865847826, 0.004302083048969507, 0.004202425014227629"
img61.png,"d,us andard","d, ,, or, running, off, loc, and, (, giving, hol","0.00696173869073391, 0.00501435250043869, 0.004822255577892065, 0.004601428750902414, 0.004189648665487766, 0.004140837583690882, 0.004013437312096357, 0.003935810178518295, 0.0036258383188396692, 0.003583596320822835"
img62.png,national high panwi vo,"national, w, (, <0x0A>, close, r, there, off, capital, dom","0.013827451504766941, 0.009959540329873562, 0.006355445832014084, 0.005832085385918617, 0.005106744356453419, 0.004834968131035566, 0.004317141138017178, 0.003946186043322086, 0.0039154766127467155, 0.003721608081832528"
img63.png,"offal, equaling","off, du, dem, and, (, ,, for, discover, there, <0x0A>","0.016801437363028526, 0.008481359109282494, 0.007813395000994205, 0.006502883974462748, 0.0064020659774541855, 0.005990737583488226, 0.00554052647203207, 0.005044706165790558, 0.00487043522298336, 0.004776232410222292"
img64.png,"a M workus,","a, (, r, an, the, work, clear, l, said, pre","0.022434411570429802, 0.01191482599824667, 0.009425404481589794, 0.009135414846241474, 0.008751191198825836, 0.008683089166879654, 0.007844516076147556, 0.006503332871943712, 0.006038140505552292, 0.005497789476066828"
img65.png,oun plan planableable,"oun, ,, and, <0x0A>, ian, (, spirit, cold, clear, les","0.006321776658296585, 0.006297130603343248, 0.005846687592566013, 0.005733602214604616, 0.005220504477620125, 0.005139568354934454, 0.004923404660075903, 0.004790604114532471, 0.004771927371621132, 0.0043961056508123875"
img66.png,pislet Francasoo,"pis, uno, Doug, LS, advent, lets, where, let, les, offset","0.004517691675573587, 0.004413039423525333, 0.004327683709561825, 0.0032923282124102116, 0.0031910338439047337, 0.0030568235088139772, 0.003033034736290574, 0.0029397178441286087, 0.002838164335116744, 0.002534195315092802"
img67.png,and rust and in f,"and, n, search, complement, nation, omm, personal, arch, clear, am","0.012166889384388924, 0.008427757769823074, 0.007794401608407497, 0.007041655480861664, 0.006589233409613371, 0.006336803548038006, 0.006094045005738735, 0.005860585719347, 0.005091764964163303, 0.004973814357072115"
img68.png,outside advent together equally➖,"outside, off, r, means, there, advent, Turkey, great, easy, out","0.007334806025028229, 0.007306210696697235, 0.006298346910625696, 0.006057060789316893, 0.005939906928688288, 0.005734710022807121, 0.004518842790275812, 0.004483676981180906, 0.004379812628030777, 0.004130557179450989"
img69.png,clear regard ped astronom an,"clear, upon, arch, beyond, time, sup, feder, search, n, off","0.012608081102371216, 0.008172250352799892, 0.007470041513442993, 0.005508062895387411, 0.005508062895387411, 0.004748247098177671, 0.004711295943707228, 0.004620171617716551, 0.004513144958764315, 0.004190313164144754"
img70.png,"an upon or de,","an, off, under, oun, a, clear, enough, pocket, advent, '","0.01572219654917717, 0.014203821308910847, 0.007692376617342234, 0.006205189973115921, 0.005874956026673317, 0.004776305053383112, 0.004557582549750805, 0.004417359828948975, 0.004315032158046961, 0.004231571685522795"
img71.png,let rng l tra,"let, te, beyond, vis, Hamb, tag, lette, loc, lets, lah","0.018463965505361557, 0.007666918449103832, 0.00737320352345705, 0.005522273946553469, 0.004686692729592323, 0.004283984657377005, 0.003962038084864616, 0.0036930253263562918, 0.003428858006373048, 0.003109839279204607"
img72.png,complement tag dignCA,"complement, off, battle, where, clear, ar, ,, n, ate, lack","0.010486721992492676, 0.007884932681918144, 0.006823840085417032, 0.006613892503082752, 0.006536838598549366, 0.005975153762847185, 0.005859584081918001, 0.005461732856929302, 0.005150904878973961, 0.005110820289701223"
img73.png,national personal ro altern r,"national, easy, region, h, uno, bra, alternative, nation, off, ret","0.007958504371345043, 0.007360412739217281, 0.0057998658157885075, 0.005384993739426136, 0.005118364002555609, 0.004845969378948212, 0.004808257799595594, 0.004534618463367224, 0.0043609002605080605, 0.0036153134424239397"
img74.png,( clear m it r,"(, T, off, search, beyond, Daniel, d, clear, Spe, and","0.01687837950885296, 0.010398468002676964, 0.009806688874959946, 0.006532663479447365, 0.00547960726544261, 0.005107556004077196, 0.005048051010817289, 0.0049504125490784645, 0.004267522599548101, 0.004184981342405081"
img75.png,dsemp est or,"d, locked, bott, w, lack, horse, and, wild, where, (","0.007833879441022873, 0.007622573524713516, 0.007359248585999012, 0.0068595740012824535, 0.006294698920100927, 0.00494076544418931, 0.0048074969090521336, 0.00449861865490675, 0.004193173721432686, 0.004096038639545441"
img76.png,( clear hand uno and,"(, and, clear, ,, the, or, out, <0x0A>, main, off","0.022503815591335297, 0.013281088322401047, 0.008214266039431095, 0.0060096848756074905, 0.005689855664968491, 0.005623566918075085, 0.005558050237596035, 0.005536381620913744, 0.005450548138469458, 0.005324286408722401"
img77.png,off fledaugh-,"off, nation, national, n, ar, Off, ranked, (, ,, hit","0.02343630976974964, 0.01853964664041996, 0.016361180692911148, 0.008965186774730682, 0.008791784755885601, 0.007578992750495672, 0.006357269361615181, 0.006185793783515692, 0.006161677185446024, 0.005249814596027136"
img78.png,lignaspate fl,"l, off, beyond, lack, an, (, due, alleg, <0x0A>, where","0.016929863020777702, 0.011366171762347221, 0.010553132742643356, 0.010511991567909718, 0.00934955757111311, 0.00895632803440094, 0.008579635992646217, 0.007281443104147911, 0.005942940711975098, 0.0056486851535737514"
img79.png,off equal quFS time,"off, lack, un, out, sleep, clear, dem, let, love, head","0.01756211183965206, 0.01357094943523407, 0.008263412863016129, 0.00797794945538044, 0.007854262366890907, 0.007235685829073191, 0.006985725834965706, 0.0054404884576797485, 0.005398150533437729, 0.005171111319214106"
img80.png,red groundbsnos ed,"red, bear, feder, cold, search, fix, main, Spe, cont, oud","0.012648609466850758, 0.006957992911338806, 0.005723488982766867, 0.005678948480635881, 0.0045276521705091, 0.00433722510933876, 0.00433722510933876, 0.004286695271730423, 0.003964545205235481, 0.0036809551529586315"
img81.png,"letwuni-,","let, ar, dead, (, ,, hospital, ret, national, hol, n","0.006940057035535574, 0.005576492752879858, 0.005037941504269838, 0.004998736083507538, 0.004921237006783485, 0.004641168750822544, 0.004515980836004019, 0.004176600370556116, 0.0038778414018452168, 0.003802837571129203"
img82.png,love of of either either,"love, an, where, capital, discover, beyond, due, touch, with, w","0.02277607098221779, 0.01030615996569395, 0.009568946436047554, 0.008611118420958519, 0.006973497103899717, 0.006106197368353605, 0.005736242048442364, 0.00419672392308712, 0.003927087411284447, 0.0038511306047439575"
img83.png,clear and adventan gradu,"clear, d, love, ', complement, off, cold, bott, and, (","0.01326378807425499, 0.010574813932180405, 0.007211396470665932, 0.007127381395548582, 0.005978458095341921, 0.005317350849509239, 0.004841502755880356, 0.004729349631816149, 0.004692545160651207, 0.004092910792678595"
img84.png,", feder smooth Frontte",",, and, w, ly, yp, yt, clear, f, let, ish","0.00788122694939375, 0.005374529864639044, 0.005332705099135637, 0.004990082234144211, 0.0041693695820868015, 0.004104729276150465, 0.004072785843163729, 0.003826028434559703, 0.0036224110517650843, 0.0032344490755349398"
img85.png,runm cellar,"run, off, sett, clear, d, l, w, red, <0x0A>, un","0.010717189870774746, 0.0076592303812503815, 0.00745263509452343, 0.007337092887610197, 0.007167129311710596, 0.007028504740446806, 0.006838922388851643, 0.006178452167659998, 0.005431207362562418, 0.005023045931011438"
img86.png,sett o of sho to,"sett, season, hol, bott, mad, wine, off, advent, construct, spec","0.0075571597553789616, 0.0049367849715054035, 0.00401357701048255, 0.00368306552991271, 0.00325029413215816, 0.002947888569906354, 0.0028683743439614773, 0.002857191488146782, 0.0028019286692142487, 0.00279100495390594"
img87.png,clear forlanigrane,"clear, train, lack, wine, off, gu, general, a, phys, recent","0.008703540079295635, 0.008080963045358658, 0.00759136350825429, 0.005752689205110073, 0.005575696937739849, 0.00490135233849287, 0.004497733432799578, 0.004176004324108362, 0.004079267382621765, 0.004063363652676344"
img88.png,un  it ofable,"un, sup, outside, off, horse, wine, lack, ', bott, love","0.012972963973879814, 0.009716300293803215, 0.007930213585495949, 0.005986039526760578, 0.00498202396556735, 0.0048099178820848465, 0.004211704712361097, 0.004211704712361097, 0.004211704712361097, 0.003849809756502509"
img89.png,and underatect/,"and, off, or, (, for, clear, beyond, match, un, out","0.013181726448237896, 0.008989156223833561, 0.008815290406346321, 0.008152810856699944, 0.007840482518076897, 0.0066281883046031, 0.0055814944207668304, 0.005243328865617514, 0.004868266172707081, 0.004811548627912998"
img90.png,"ro
 sleep either either","ro, ar, yt, advent, brand, av, red, where, Spe, '","0.012794346548616886, 0.009733425453305244, 0.00832543894648552, 0.0066117411479353905, 0.006235466338694096, 0.006043621338903904, 0.005789434537291527, 0.00529197184368968, 0.004743692930787802, 0.004579819738864899"
img91.png,ishoreated c direct,"ish, let, la, b, work, ated, n, <0x0A>, d, ret","0.01609250158071518, 0.010553720407187939, 0.008647408336400986, 0.007310348562896252, 0.005539737641811371, 0.005204102490097284, 0.004831844940781593, 0.004738389048725367, 0.004683184903115034, 0.0045214020647108555"
img92.png,", seasonyp clearte",",, and, ret, em, (, clear, <0x0A>, n, off, emot","0.015542324632406235, 0.009802420623600483, 0.009688219986855984, 0.008925206959247589, 0.008351767435669899, 0.007457288913428783, 0.0072845411486923695, 0.007005474995821714, 0.007005474995821714, 0.005992100108414888"
img93.png,clear rustnd sh,"clear, off, cold, b, sk, half, assembly, r, Ar, w","0.011503182351589203, 0.010555913671851158, 0.004037997219711542, 0.0037054745480418205, 0.0036196368746459484, 0.0035496267955750227, 0.003144795075058937, 0.003120322013273835, 0.002989085391163826, 0.002885826164856553"
img94.png,run rustasoourdru,"run, red, am, (, clear, where, beyond, ,, /, (","0.012883825227618217, 0.011414436623454094, 0.010681066662073135, 0.008416478522121906, 0.008350980468094349, 0.00790654867887497, 0.006762830074876547, 0.006606168579310179, 0.00573953939601779, 0.005672671366482973"
img95.png,(runnereton st tr,"(, ', , d, end, and, ro, un, n, ,","0.012135263532400131, 0.011400025337934494, 0.009450952522456646, 0.009160177782177925, 0.009160177782177925, 0.00894798245280981, 0.008605189621448517, 0.008307919837534428, 0.008211130276322365, 0.006345069967210293"
img96.png,whereung-- m,"where, with, the, w, , and, said, h, z, '","0.01353171281516552, 0.00997766014188528, 0.009595421142876148, 0.008048653602600098, 0.007954883389174938, 0.007472921162843704, 0.007271352224051952, 0.007243004161864519, 0.006830803118646145, 0.006416946183890104"
img97.png,"advent stick,ng'","advent, smooth, , vac, quite, let, fin, run, ret, national","0.006548000033944845, 0.00617535226047039, 0.0055139693431556225, 0.0050797066651284695, 0.004589132498949766, 0.004430599045008421, 0.00361614883877337, 0.0035323810297995806, 0.0033443914726376534, 0.0030930563807487488"
img98.png,holytsehorlet,"hol, beyond, dead, advent, off, wine, (, alternative, Turkey, nation","0.016559332609176636, 0.005997392814606428, 0.005745150148868561, 0.005170075688511133, 0.004598360508680344, 0.004491839557886124, 0.004138076677918434, 0.0036234210710972548, 0.003567245090380311, 0.0032353505957871675"
img99.png,ko advent andormest,"ko, advent, dem, ord, dp, Spe, udi, clear, Vo, ran","0.00801907479763031, 0.005468533840030432, 0.00525903794914484, 0.004940408747643232, 0.00451589934527874, 0.004445886705070734, 0.0038777715526521206, 0.0029848271515220404, 0.0029270953964442015, 0.0026034126058220863"
img100.png,advent estreck equally either,"advent, original, off, aten, ups, alternative, red, nation, ret, d","0.016684478148818016, 0.010730312205851078, 0.009359143674373627, 0.007728753611445427, 0.006982346996665001, 0.006741138640791178, 0.006382381543517113, 0.00592584116384387, 0.00489354133605957, 0.0048744636587798595"
img101.png,mainadhoff upsest,"main, alternative, sup, vis, altern, fair, fix, running, off, smoke","0.011879626661539078, 0.01056595891714096, 0.010240878909826279, 0.00800682045519352, 0.006795299239456654, 0.004971547517925501, 0.0048944707959890366, 0.004562148358672857, 0.004439092706888914, 0.00401038583368063"
img102.png,due advent care secret n,"due, let, LS, te, ard, local, alk, clear, an, front","0.007197539322078228, 0.00558359595015645, 0.005561827681958675, 0.004365528468042612, 0.004247775301337242, 0.003439953550696373, 0.0034131836146116257, 0.0032696297857910395, 0.0031443722546100616, 0.003107739146798849"
img103.png,isz Urban pretty enough front,"isz, smooth, uno, hol, Spe, understand, let, ò, lets, bott","0.008299848064780235, 0.00406085466966033, 0.003597717732191086, 0.003301451448351145, 0.0032502668909728527, 0.0031749745830893517, 0.0029363716021180153, 0.0028683508280664682, 0.0025812359526753426, 0.0024248468689620495"
img104.png,andy orate red,"and, advent, (, Spe, oun, object, speaking, much, let, ,","0.01369735598564148, 0.01046118326485157, 0.005322219338268042, 0.005019330885261297, 0.004808224271982908, 0.004128789063543081, 0.0037446487694978714, 0.0037446487694978714, 0.003587153507396579, 0.003215503878891468"
img105.png,main bo/ cy,"main, clear, , beyond, ,, T, ily, clock, main, and","0.02507740631699562, 0.008532158099114895, 0.006266691721975803, 0.005979718640446663, 0.005360185168683529, 0.005215603392571211, 0.004918782040476799, 0.004357799421995878, 0.00393694406375289, 0.003815816715359688"
img106.png,"red either or, art","red, and, hol, beyond, power, red, force, sett, advent, bra","0.02871883474290371, 0.008896679617464542, 0.007550514303147793, 0.007289677392691374, 0.005926466081291437, 0.005354116205126047, 0.005354116205126047, 0.005010117311030626, 0.0048559727147221565, 0.004818183369934559"
img107.png,off- eitherian with,"off, clear, end, neg, , m, cold, ,, or, (","0.013330279849469662, 0.010260682553052902, 0.009714619256556034, 0.009526721201837063, 0.007745169103145599, 0.00759536400437355, 0.0075362566858530045, 0.007275914307683706, 0.006835087668150663, 0.006573240272700787"
img108.png,"national Locki, work","national, ,, red, hor, em, season, n, n, h, run","0.00992141105234623, 0.009430168196558952, 0.008653609082102776, 0.00819307193160057, 0.007007905747741461, 0.006557652726769447, 0.005719686392694712, 0.0053521995432674885, 0.005147160496562719, 0.0050279260613024235"
img109.png,emot the f way afford,"emot, av, complement, both, ately, Fo, üd, att, alternative, b","0.007965343073010445, 0.005782218649983406, 0.004700910300016403, 0.004263540729880333, 0.0034798006527125835, 0.003070913255214691, 0.0029997755773365498, 0.002565844217315316, 0.0025458764284849167, 0.002496634842827916"
img110.png,ammaal a either or,"amma, clear, button, beyond, ord, mot, hidden, general, yt, when","0.005117775406688452, 0.0045875441282987595, 0.004498813301324844, 0.003970189020037651, 0.003788380417972803, 0.003700622823089361, 0.003686195472255349, 0.0035311589017510414, 0.003382642986252904, 0.0033694554585963488"
img111.png,"Spe,king ( to","Spe, n, (, ,, and, ate, national, ', te, Ar","0.013861606828868389, 0.011051436886191368, 0.007595533970743418, 0.006624942179769278, 0.006522232200950384, 0.006296918727457523, 0.005428283009678125, 0.005323290824890137, 0.004679472651332617, 0.004535500425845385"
img112.png,clear w cak to,"clear, un, love, lack, un, d, sk, off, wine, fin","0.015716945752501488, 0.012050600722432137, 0.00708418246358633, 0.0069471620954573154, 0.0069471620954573154, 0.005517167039215565, 0.005162692628800869, 0.004964912310242653, 0.0043815202079713345, 0.0038216295652091503"
img113.png,hol cardinalest stagem,"hol, ret, w, advent, beyond, season, dead, wine, soon, av","0.02128719910979271, 0.006750850006937981, 0.005888195242732763, 0.0053403619676828384, 0.00523706991225481, 0.004939027596265078, 0.003801705315709114, 0.003801705315709114, 0.003341912990435958, 0.0033159060403704643"
img114.png,ollar either- sp feder,"ollar, Spe, official, advent, and, primary, fr, speaking, either, love","0.006164480000734329, 0.005768416449427605, 0.004914752207696438, 0.004671406000852585, 0.004388379864394665, 0.0037098496686667204, 0.003567727515473962, 0.003512414637953043, 0.003498721169307828, 0.0034850810188800097"
img115.png,hor cl thisy f,"hor, n, Rank, (, ,, w, due, c, ', work","0.01734883338212967, 0.00862190779298544, 0.006741030141711235, 0.005721038207411766, 0.005501868203282356, 0.0054590520448982716, 0.0053954520262777805, 0.005311803892254829, 0.005311803892254829, 0.005270467139780521"
img116.png,adventalus y f unw,"advent, season, hol, loc, red, 相, mock, alk, amb, Turkey","0.009100904688239098, 0.007784416899085045, 0.006428347900509834, 0.0052262102253735065, 0.004871363751590252, 0.0034814064856618643, 0.0033219812903553247, 0.003245027968659997, 0.002874935045838356, 0.0026692869141697884"
img117.png,off ret c hiddenll,"off, week, ,, beyond, out, home, w, (, de, this","0.010451611131429672, 0.008530355989933014, 0.007267954293638468, 0.006388941779732704, 0.00548614002764225, 0.005093708168715239, 0.005034364759922028, 0.004822626244276762, 0.004512775223702192, 0.004289332311600447"
img118.png,"where,lap either way","where, un, search, fin, for, outside, off, hor, on, beyond","0.015417628921568394, 0.013290826231241226, 0.011592465452849865, 0.01059637125581503, 0.009206286631524563, 0.008349739015102386, 0.00778281269595027, 0.007339891977608204, 0.007254379335790873, 0.007141910493373871"
img119.png,alternative for a and running,"alternative, ple, dis, quite, (, personal, complement, quiet, emot, benchmark","0.007725905627012253, 0.004649532027542591, 0.00457744812592864, 0.004216942936182022, 0.0038246007170528173, 0.0037214388139545918, 0.003663743147626519, 0.0034823387395590544, 0.003401670139282942, 0.0032841579522937536"
img120.png,wine referencingignkhte,"wine, smooth, upon, clear, beyond, (, ro, w, and, personal","0.013018397614359856, 0.011354848742485046, 0.00930382963269949, 0.00860463548451662, 0.007804065477102995, 0.005913873668760061, 0.005687316879630089, 0.005665144417434931, 0.005363650619983673, 0.004979980643838644"
img121.png,supila stateding summ,"sup, alk, advent, uno, sob, Rank, off, (, bott, Off","0.005185138434171677, 0.004383413586765528, 0.004053994547575712, 0.0038532675243914127, 0.0038382450584322214, 0.0037493323907256126, 0.0034271671902388334, 0.0031820170115679502, 0.0031204712577164173, 0.0030841168481856585"
img122.png,"andet,yb","and, (, off, ,, with, beyond, on, or, where, clear","0.030691426247358322, 0.028054233640432358, 0.019815873354673386, 0.014384781941771507, 0.01340809091925621, 0.011202879250049591, 0.008390569128096104, 0.007790378760546446, 0.006534581538289785, 0.006383208557963371"
img123.png,off b andings Klein,"off, (, wine, recent, clear, love, ', Spe, spirit, av","0.024358240887522697, 0.01578841544687748, 0.009209301322698593, 0.006633210927248001, 0.006530372425913811, 0.005945972166955471, 0.0058082337491214275, 0.005392762366682291, 0.005371738225221634, 0.005026606842875481"
img124.png,Spe f fine f,"Spe, dom, national, understanding, al, local, bott, locked, next, oud","0.009200386703014374, 0.0084098344668746, 0.007479862309992313, 0.004886288661509752, 0.00451907841488719, 0.004431671462953091, 0.004245281219482422, 0.0036596611607819796, 0.003547065192833543, 0.0035194617230445147"
img125.png,"and,yer that c","and, clear, discover, b, n, clearly, search, where, personal, h","0.01121311355382204, 0.009332381188869476, 0.006748171057552099, 0.005638307426124811, 0.005594430025666952, 0.0054862238466739655, 0.005443529691547155, 0.004822700284421444, 0.004785169381648302, 0.004408305045217276"
img126.png,in for orith,"<0x0A>, red, under, cu, and, ,, f, d, off, gu","0.015944505110383034, 0.011895324103534222, 0.01157446950674057, 0.009558162651956081, 0.00856788083910942, 0.00850120559334755, 0.008336777798831463, 0.0082719000056386, 0.007531650830060244, 0.006075537763535976"
img127.png,'let lengthlenc,"', inside, beyond, out, fin, hor, d, ret, lying, lies","0.006761723663657904, 0.0058062453754246235, 0.005084118340164423, 0.004832386504858732, 0.004813546780496836, 0.004720443859696388, 0.004665449261665344, 0.004165777005255222, 0.003944078925997019, 0.0035492866300046444"
img128.png,uno fr thefel enough,"uno, off, national, personal, clearly, uno, clear, ret, dis, const","0.00879452284425497, 0.008133603259921074, 0.006875988095998764, 0.005767588969320059, 0.005129799712449312, 0.004439471755176783, 0.004422163590788841, 0.004336631391197443, 0.004286108072847128, 0.00426939781755209"
img129.png,Spe bin nalusise,"Spe, ro, n, a, st, where, an, (, B, front","0.01382493507117033, 0.013191846199333668, 0.011461274698376656, 0.00931795034557581, 0.008001258596777916, 0.007724851369857788, 0.0070887221954762936, 0.00679057976230979, 0.005435112398117781, 0.005267891567200422"
img130.png,clear out or a tro,"clear, region, where, outside, national, ins, alternative, ocker, regional, off","0.0074204327538609505, 0.007025524508208036, 0.00691660400480032, 0.006782824639230967, 0.0064218491315841675, 0.006103881634771824, 0.005711711011826992, 0.005535979755222797, 0.004081975668668747, 0.003849669825285673"
img131.png,search wine feder... feder,"search, discover, off, w, an, recent, ar, hand, a, art","0.014450224116444588, 0.008494848385453224, 0.008011405356228352, 0.007467450108379126, 0.007380452938377857, 0.005213120952248573, 0.005213120952248573, 0.00519279669970274, 0.004802551586180925, 0.00452923821285367"
img132.png,", federru andgal",",, where, lack, complement, y, yt, n, and, advent, n","0.010210228152573109, 0.008767452090978622, 0.00810856744647026, 0.007072418462485075, 0.00626581534743309, 0.005840381607413292, 0.005359435919672251, 0.005074211861938238, 0.00444312859326601, 0.004256256390362978"
img133.png,"ret lackle,te","ret, av, flight, ins, <0x0A>, off, run, (, cold, inn","0.016804121434688568, 0.01076512411236763, 0.005104986950755119, 0.0045760804787278175, 0.004332546144723892, 0.003929448779672384, 0.0037348882760852575, 0.0036913754884153605, 0.0034812986850738525, 0.003308927407488227"
img134.png,search rust pen/ or,"search, brand, (, beyond, l, way, advent, cold, head, ar","0.00972712691873312, 0.008418126031756401, 0.008385307155549526, 0.0072852810844779015, 0.005876799579709768, 0.005267928820103407, 0.00518625695258379, 0.005125836003571749, 0.005085946060717106, 0.004968130495399237"
img135.png,"b lings,app","b, cold, where, stars, ar, gu, st, off, l, clear","0.008887700736522675, 0.008580670692026615, 0.008349222131073475, 0.008187733590602875, 0.007368162740021944, 0.007282320410013199, 0.006630627904087305, 0.006579028442502022, 0.0063517531380057335, 0.005649365950375795"
img136.png,am bard' sky,"am, ,, clear, red, taste, beyond, red, end, h, n","0.016175830736756325, 0.010083111934363842, 0.009849537163972855, 0.009435279294848442, 0.008007616735994816, 0.007405835669487715, 0.00674308929592371, 0.005790244322270155, 0.005790244322270155, 0.005612097214907408"
img137.png,"federella theirella,","feder, te, beyond, am, head, av, runner, ate, hand, choice","0.008067334070801735, 0.005395036190748215, 0.00428452854976058, 0.004267824813723564, 0.0041203913278877735, 0.004104326944798231, 0.0030027900356799364, 0.0028990572318434715, 0.0027989079244434834, 0.0027989079244434834"
img138.png,b strengthable veterquired,"b, national, let, alternative, c, omm, b, complement, nation, fixed","0.011895311996340752, 0.010214421898126602, 0.008944046683609486, 0.00792398676276207, 0.0074438960291445255, 0.005096164532005787, 0.004308196250349283, 0.004258004482835531, 0.00400002533569932, 0.003907364793121815"
img139.png,"nb general rust,","n, national, alternative, m, nation, respect, _, dri, clear, adm","0.011194645427167416, 0.008000452071428299, 0.007663963362574577, 0.0068164705298841, 0.006353648845106363, 0.006062693893909454, 0.005045821890234947, 0.005045821890234947, 0.004871511831879616, 0.0048147570341825485"
img140.png,holyp streamutt enough,"hol, wine, winter, _, an, alk, beyond, gal, advent, and","0.005743247456848621, 0.005458879750221968, 0.005437597166746855, 0.005028955638408661, 0.004742756485939026, 0.0047058481723070145, 0.004669227171689272, 0.004472845699638128, 0.004284723196178675, 0.0035245174076408148"
img141.png,nití Jung–,"nit, uno, qua, rew, advent, charge, Hamb, Bay, feder, oka","0.0040889005176723, 0.0033634379506111145, 0.003272715024650097, 0.00317202415317297, 0.0024994947016239166, 0.002480043563991785, 0.0022936651948839426, 0.002180097857490182, 0.002171598607674241, 0.0019850018434226513"
img142.png,seasonte원 either if,"season, gal, or, ', wine, kn, where, alk, ', and","0.008398540318012238, 0.0073253377340734005, 0.006364363245666027, 0.006192695815116167, 0.005465034395456314, 0.0048988256603479385, 0.004748104605823755, 0.004223051480948925, 0.004061269108206034, 0.003875289810821414"
img143.png,"n,ington, or","n, , bott, (, and, m, ,, national, b, off","0.008716948330402374, 0.008253040723502636, 0.007875106297433376, 0.006735935807228088, 0.006427474785596132, 0.005225499626249075, 0.005124429240822792, 0.004684107843786478, 0.004315202124416828, 0.004166131839156151"
img144.png,wine cancer[-holm estaven,"wine, beyond, ret, lack, ge, hol, season, ar, av, ,","0.015717456117272377, 0.01014795247465372, 0.009990622289478779, 0.0086461640894413, 0.005827479064464569, 0.005347595550119877, 0.005063001532107592, 0.005063001532107592, 0.004984506871551275, 0.004468082915991545"
img145.png,outside toate' tra,"outside, discover, un, c, easily, alternative, search, ro, lack, sett","0.007836426608264446, 0.006395905278623104, 0.006395905278623104, 0.0060555217787623405, 0.005688636098057032, 0.005644367076456547, 0.005513614974915981, 0.005039852578192949, 0.004809060599654913, 0.0045531271025538445"
img146.png,ar// plug general,"ar, advent, (, b, end, av, off, clear, Great, way","0.019714634865522385, 0.014765579253435135, 0.009422306902706623, 0.006577830761671066, 0.005102847702801228, 0.0047936816699802876, 0.00471936259418726, 0.004646195564419031, 0.004230409394949675, 0.00411630142480135"
img147.png,clear outrign dump,"clear, red, red, n, sett, h, off, lack, and, can","0.026276888325810432, 0.01900061033666134, 0.015690647065639496, 0.013792963698506355, 0.011983534321188927, 0.01095383707433939, 0.008836104534566402, 0.008464469574391842, 0.008464469574391842, 0.006540835369378328"
img148.png,clear for a key la,"clear, inn, dem, ro, clearly, const, un, wine, search, dead","0.012221580371260643, 0.008666398003697395, 0.006696873344480991, 0.006193595472723246, 0.005465828813612461, 0.0044960686936974525, 0.0044263629242777824, 0.004223665222525597, 0.004223665222525597, 0.004077756777405739"
img149.png,uponledableun est,"upon, 像, Spe, Doug, specify, official, revol, represented, har, l","0.0042344313114881516, 0.003349711187183857, 0.0032849221024662256, 0.003097976092249155, 0.0023568160831928253, 0.0023293583653867245, 0.002214023843407631, 0.002214023843407631, 0.0020880233496427536, 0.0020798828918486834"
img150.png,lack eitherian the as,"lack, clear, bott, off, smooth, un, wine, sett, and, red","0.008315608836710453, 0.0076906802132725716, 0.006867004558444023, 0.006450954359024763, 0.005942897405475378, 0.00534802908077836, 0.005004421342164278, 0.0049654762260615826, 0.004701218567788601, 0.004592314828187227"
img151.png,wine or stress national—,"wine, off, feder, ord, advent, av, Spe, clear, mant, national","0.006820663809776306, 0.006308082491159439, 0.005250052083283663, 0.00436948100104928, 0.0039015072397887707, 0.0038862968795001507, 0.003841020632535219, 0.0034972885623574257, 0.0032092926558107138, 0.00292209442704916"
img152.png,search orrfore arms,"search, smooth, n, const, (, /, national, love, fit, where","0.014400698244571686, 0.01321482378989458, 0.009407389909029007, 0.007500224281102419, 0.007470983546227217, 0.0067758881486952305, 0.0054658884182572365, 0.004409154877066612, 0.003936931490898132, 0.003921583294868469"
img153.png,and s to as an,"and, or, under, (, h, n, description, d, ,, to","0.023988794535398483, 0.020599011331796646, 0.011069010011851788, 0.010854915715754032, 0.009248504415154457, 0.008620553649961948, 0.006431324873119593, 0.0062334537506103516, 0.005971283186227083, 0.005765002686530352"
img154.png,cleared out of➖ard,"cleared, recent, Spe, clear, uro, <0xA7>, w, <0xBC>, zero, nab","0.0033413777127861977, 0.002802752424031496, 0.0027059302665293217, 0.0024637775495648384, 0.002435073722153902, 0.0023879751097410917, 0.0023054813500493765, 0.0022608893923461437, 0.002157355658710003, 0.002107380423694849"
img155.png,localmDK planchor,"local, n, hidden, c, fin, as, beyond, stars, and, f","0.014998280443251133, 0.012482676655054092, 0.008090965449810028, 0.008059421554207802, 0.0072526950389146805, 0.006276683881878853, 0.005389745347201824, 0.005389745347201824, 0.0042970795184373856, 0.004213965963572264"
img156.png,beyondrinningsign/,"beyond, ord, (, lets, te, week, oud, let, ,, les","0.0052577415481209755, 0.005216824822127819, 0.00462185125797987, 0.004497184883803129, 0.004341827239841223, 0.003968751523643732, 0.003907221369445324, 0.0036277323961257935, 0.0033682354260236025, 0.003151828423142433"
img157.png,clear for beingafRC,"clear, l, off, n, all, and, lack, ins, the, ar","0.016042927280068398, 0.015248587355017662, 0.01393833663314581, 0.013883995823562145, 0.013509499840438366, 0.010078700259327888, 0.008388238959014416, 0.00772760808467865, 0.007431567646563053, 0.007287828251719475"
img158.png,"where,nosc or","where, w, off, ,, (, har, n, and, beyond, <0x0A>","0.02519967034459114, 0.013862323947250843, 0.0123294061049819, 0.011627737432718277, 0.011402837000787258, 0.010711973533034325, 0.00956471636891365, 0.009453283622860909, 0.008022896945476532, 0.005985446274280548"
img159.png,sup petoka Great unw,"sup, isz, alk, season, ord, ko, advent, spirit, vest, hol","0.011921086348593235, 0.006792429834604263, 0.006609216332435608, 0.005653162486851215, 0.00563112273812294, 0.0047790720127522945, 0.0030976771377027035, 0.002944300649687648, 0.002909998642280698, 0.0028425883501768112"
img160.png,"yt,angoing or","yt, loc, WP, uli, (, Spe, trail, lets, Th, govern","0.006496226415038109, 0.004715755116194487, 0.004606514237821102, 0.004243720322847366, 0.0038040459621697664, 0.0033833885099738836, 0.003370197955518961, 0.0030210260301828384, 0.002951043890789151, 0.002729269675910473"
img161.png,locard or— either,"d, loc, les, ., yn, beyond, where, national, gal, you","0.0064083281904459, 0.0064083281904459, 0.006138802506029606, 0.005677464418113232, 0.005611320026218891, 0.005417474079877138, 0.0053543588146567345, 0.005312690977007151, 0.005291978362947702, 0.004633811302483082"
img162.png,clear one-pez vo,"clear, red, (, run, d, red, eng, ar, har, front","0.01679101213812828, 0.011540282517671585, 0.008882872760295868, 0.006891017314046621, 0.006274343002587557, 0.0062012444250285625, 0.006128998007625341, 0.005963678937405348, 0.005493998061865568, 0.005493998061865568"
img163.png,feder complementis fli,"feder, off, front, outside, rank, ret, Fich, classic, due, red","0.0038400599732995033, 0.0034827832132577896, 0.0034287876915186644, 0.0028986292891204357, 0.002733668079599738, 0.002733668079599738, 0.0027123941108584404, 0.002659931778907776, 0.002528229495510459, 0.0024890329223126173"
img164.png,f running exokaal,"f, off, season, work, the, and, or, unique, search, clear","0.014755657874047756, 0.014470257796347141, 0.012185178697109222, 0.011269448325037956, 0.011094732210040092, 0.010795469395816326, 0.010669698938727379, 0.009126276709139347, 0.0087424386292696, 0.008180742152035236"
img165.png,(let or unw ide,"(, ', pocket, hol, ,, w, ex, love, end, out","0.02196011133491993, 0.011617457494139671, 0.007769184187054634, 0.006697455421090126, 0.00664533581584692, 0.005751057993620634, 0.005728637799620628, 0.005339676979929209, 0.004585143644362688, 0.004307343624532223"
img166.png,"hol weather,ForKey adm","hol, beyond, hor, ,, <0x0A>, Hor, ord, Hol, h, off","0.019159160554409027, 0.007357717491686344, 0.006751820910722017, 0.004175957292318344, 0.0040003214962780476, 0.003969190642237663, 0.0038022520020604134, 0.003714172635227442, 0.0036852690391242504, 0.0034619898069649935"
img167.png,"off,lessem chart","off, speaking, advent, beyond, and, sett, hol, talking, red, uno","0.014174561947584152, 0.01116928644478321, 0.008974773809313774, 0.008597305975854397, 0.008203607052564621, 0.007889331318438053, 0.006591783836483955, 0.006192407570779324, 0.005660318769514561, 0.0053590815514326096"
img168.png,"adventle, either or","advent, (, Spe, (, ro, red, d, running, z, horse","0.009020481258630753, 0.005801355000585318, 0.004294393118470907, 0.003940756432712078, 0.003178879851475358, 0.003081076079979539, 0.0029862814117223024, 0.002783520147204399, 0.0026560535188764334, 0.002635383978486061"
img169.png,Spe frotr lr,"Spe, w, advent, m, <0x0A>, or, f, b, apolog, off","0.010908300057053566, 0.00723816454410553, 0.007070493418723345, 0.0056370883248746395, 0.005593220237642527, 0.00537894805893302, 0.005193129647523165, 0.004339022096246481, 0.0038894745521247387, 0.0037404706235975027"
img170.png,discover feder hyt c,"discover, vo, enough, ,, speaking, and, du, search, ro, off","0.008701845072209835, 0.005887963809072971, 0.005424245726317167, 0.0046396031975746155, 0.004621515050530434, 0.004585550632327795, 0.004257539287209511, 0.004175190813839436, 0.004110461100935936, 0.003999588079750538"
img171.png,( pun cl adventn,"(, hidden, ex, off, hol, <0x0A>, hor, network, ,, c","0.014909707941114902, 0.013522517867386341, 0.009739904664456844, 0.007555871736258268, 0.00729485135525465, 0.006773040164262056, 0.006642037536948919, 0.006564655341207981, 0.005977187305688858, 0.005953884217888117"
img172.png,"advental, st ret","advent, (, Spe, ar, off, horse, head, way, av, /","0.0210165586322546, 0.013463713228702545, 0.010609150864183903, 0.009850263595581055, 0.009039109572768211, 0.008625178597867489, 0.006561690010130405, 0.005974486470222473, 0.00561251025646925, 0.005070481449365616"
img173.png,understandingexeled f unexpected,"understanding, ret, , or, outside, revol, is, ro, inside, off","0.0074983141385018826, 0.006438750308007002, 0.006216320674866438, 0.005749157164245844, 0.004822401329874992, 0.004729127045720816, 0.0045302268117666245, 0.0045125652104616165, 0.004477447830140591, 0.004459992051124573"
img174.png,lusasi fniv,"lus, Turkey, yt, feder, (, run, advent, ila, Ú, clear","0.012239429168403149, 0.0050427112728357315, 0.004229833837598562, 0.003452289616689086, 0.003372317412868142, 0.003131090896204114, 0.003070530015975237, 0.0030347569845616817, 0.0027097330894321203, 0.0026573222130537033"
img175.png,off-ant1ither,"off, b, (, outside, d, f, m, all, out, c","0.026217147707939148, 0.016215132549405098, 0.013131415471434593, 0.011679322458803654, 0.01158843282610178, 0.010306966491043568, 0.010107610374689102, 0.009796633385121822, 0.009203084744513035, 0.009167204611003399"
img176.png,advent/ or or for,"advent, clear, an, gu, w, where, off, mer, official, Spe","0.02161436714231968, 0.01870567537844181, 0.01625177450478077, 0.01508925948292017, 0.010534001514315605, 0.006722025107592344, 0.0064142015762627125, 0.005772156175225973, 0.005401299335062504, 0.0052968286909163"
img177.png,seasonÚ these bo together,"season, advent, fog, ', red, and, an, hol, lack, eng","0.012794260866940022, 0.008522816002368927, 0.0051491959020495415, 0.004706746432930231, 0.0045977141708135605, 0.003737915074452758, 0.0036513262894004583, 0.0033901419956237078, 0.0032348958775401115, 0.0031353686936199665"
img178.png,", Feder' unsín",",, clear, hol, advent, ret, season, where, and, all, red","0.009792345575988293, 0.008916032500565052, 0.007992279715836048, 0.007248682901263237, 0.007025664672255516, 0.005689556244760752, 0.005536090582609177, 0.00538676418364048, 0.005344844423234463, 0.005180399864912033"
img179.png,"red and c, the","red, national, un, nation, ret, off, pre, lack, ,, n","0.07075951248407364, 0.01667606644332409, 0.01377104688435793, 0.012152905575931072, 0.011283591389656067, 0.01027382630854845, 0.008385252207517624, 0.008287561126053333, 0.008032579906284809, 0.006304844282567501"
img180.png,beyond Blan extra these pla,"beyond, said, Spe, advent, ,, search, ate, Week, an, am","0.008837871253490448, 0.005095026455819607, 0.004307234194129705, 0.0037715404760092497, 0.003394019091501832, 0.0031389547511935234, 0.002937278477475047, 0.002880466403439641, 0.0028692365158349276, 0.002602284774184227"
img181.png,where either national ande,"where, said, and, for, a, the, way, can, red, to","0.018313128501176834, 0.01288489531725645, 0.01273478101938963, 0.008450120687484741, 0.008450120687484741, 0.006978084333240986, 0.006789862643927336, 0.0067370240576565266, 0.005992032587528229, 0.005968671757727861"
img182.png,"love thelo,vet","love, (, ro, complement, MT, personal, hol, batt, revol, med","0.006086453329771757, 0.005541778635233641, 0.00441829115152359, 0.004118300508707762, 0.0034141906071454287, 0.003348154481500387, 0.003024805337190628, 0.002863828092813492, 0.002700847340747714, 0.0025771665386855602"
img183.png,arbilla affordamma,"ar, beyond, red, h, ex, off, n, red, national, tied","0.01708507351577282, 0.012746240943670273, 0.01225794106721878, 0.0110741276293993, 0.01085993368178606, 0.009926782920956612, 0.008726202882826328, 0.008590915240347385, 0.006561203394085169, 0.005974043160676956"
img184.png,Doug guidance federignse,"Doug, ro, MT, m, body, understand, locked, iness, historical, quite","0.01326228678226471, 0.006907312665134668, 0.006488820072263479, 0.00531674874946475, 0.004955754615366459, 0.004955754615366459, 0.003726215334609151, 0.0036972181405872107, 0.0036684456281363964, 0.0033401583787053823"
img185.png,an fasoad a,"an, the, clear, a, off, uno, under, and, wine, un","0.023353571072220802, 0.019819919019937515, 0.012647614814341068, 0.012402988038957119, 0.010202419944107533, 0.007522793021053076, 0.007067009806632996, 0.006876389030367136, 0.00613992428407073, 0.006044733803719282"
