Image File,Inference Result
img1.png,"MER defis car keyB
a cassoc a b."
img2.png,"Umbrum ( Latin as shady um establish, im�ory of U. Danarn"
img3.png,"Gre waitstuy,"
img4.png,T tank
img5.png,dress
img6.png,"MI quborough ste Geneippi6skowsizinisi
ny Ble Selectin and,l"
img7.png,"Mir
as in,elf need
reflect"
img8.png,"To R present and His whooflin Chan花img
mscop ohions.m ("
img9.png,"Guitar M- key, CGwor is greatest C andinc JohareAA JoeW,"
img10.png,"Dol [Ar [Ar  either way is en exactite t dist during comp,diff,b"
img11.png,"statuvburg1V, Ve best Expewine taste structureciv admin function114"
img12.png,"Cartoon ghou
be works a near Gra About promotion rigson cell AU Graham in Road"
img13.png,D all
img14.png,Tree
img15.png,pen
img16.png,"M Ionsarn "" t inPHepa GsifaVaisarthn competition while having"
img17.png,U can ChUP at hMdc read gSdutlu as gM' have it
img18.png,"brush fan br br br br br br Br br fors d from the time
commands p"
img19.png,therm
img20.png,"Dis, something a mid prablemd horeme hope/ Blueprint 5 B bluec"
img21.png,Tiny gra
img22.png,Toniing in noting Johnare
img23.png,"M Re concept, kiva and seph design dEG,B bread&ted M gracock"
img24.png,Preducible shapeS ( shape ce late/pmac l de inflaper morebu rightly s
img25.png,"S, way.
ca nar y for all cross E JP Death re such."
img26.png,Apple-man qu sketch. This is a drawING after all ( or is it/ as i
img27.png,"dem an hand
ip food h handi hand
meistoline oftenps manins Ev"
img28.png,Sasibeans A blue
img29.png,Lion
img30.png,G
img31.png,To S Tol Laglfurc Guer0 SaeWL GorsLe Limited2- Wa
img32.png,"Plant high quality Executive broad, bearing  being"
img33.png,House
img34.png,"Can of thick  S own' word bra and of pro acc lawarm en. Yes, I"
img35.png,Table
img36.png,"Water1  dem  cont I dis cont cont cont cont forwards_ . .
rankmore"
img37.png,Queen the stand t vision central A C my Good MV MBe limitst Bis R HW
img38.png,Boot
img39.png,B足 Chapter while
img40.png,chair
img41.png,"St other att poni fo Stein fori Als he Ell,m small very for onor number"
img42.png,Ring
img43.png,"YolDSi,/Man M Moonin FellowAvo imsienseaS'S"
img44.png,Calendar
img45.png,C kn
img46.png,"T contend lt D ( contend l Message sol only Mot bar comp
D( '"
img47.png,Turkey
img48.png,"Liber with  H theiverans as at ' HeChecY, S Ad''U"
img49.png,float I competes
img50.png,"du one cont cont C pill . Che cond ver Miller  Chap  Chapter w, av ans"
img51.png,Now only present. Bo�ds but not as dist
img52.png,Cactus
img53.png,F fan pointer- ens intermediateaum
img54.png,"Window_ single log split between functioning/ broken/ new_ oreresent, character book/"
img55.png,"The Bureau rest contact guard inc, Aarm reflective prom J throughout throughout pan, controlling di"
img56.png,German symbols inpatimodooots ( is ch patron r of B ao ([ Foot M
img57.png,S ske King Norman wrong whofo Harold LTE.Al imp bis majority gwar Theobrog
img58.png,Bridge
img59.png,One man drawing
img60.png,"HeGR behavior
ans compound compči, dangerous, low.8- compEB fi"
img61.png,"Bofton text from ""L eg provided const
iveasa *4o *'a_"
img62.png,"U phenomenWrat ChorNET vac u
withcheera petal Th""werslych eng"
img63.png,Snake thed ( b.D thegp comp direct1 is+ are Le and/
img64.png,Ambais
img65.png,"C
ison* lept explo view± invg mo [hire]rrrs about r"
img66.png,"Sira again, sorry. U (Al still, on e of power by unppower pass"
img67.png,"BookC
G6 C
D Oew who solid
J A V whoever
2"
img68.png,"P- hit either-
3 seat"
img69.png,Gloaho wing pERRascrimenhackam Cad —icipisipas Cawich
img70.png,Under
img71.png,"Micset.Wan laboritd seats contius

rem- will pillive cont"
img72.png,bow
img73.png,Berm transport
img74.png,"Hel hel
hoo c as renawd l Z fka ddef;( fo"
img75.png,"G glass asyUs either,sy are rush xr char placelcharctble"
img76.png,Reelf which notonc as a dreamsas an Areamask with p Forage cont
img77.png,Planet
img78.png,"S
teaching Schmidt. There proofpl trade-offsg0ont resolve navigate e contstruct"
img79.png,"Cows pos Cow
<i, a singular, not reduced more (,a singular, not"
img80.png,"Che details toond Ba- k Law
tes F, F Garam. Gcal."
img81.png,"Glo pick charge rate leverage
fearassingle K Clark Rh de pay for food frills"
img82.png,"G anal view ofd brown ow
Mj, as it is very basic"
img83.png,"Pi, nederle S stuckus wBer facetsors"
img84.png,Cue las des Gru reflected DpA
img85.png,tent
img86.png,"Picseeinkystosmic (# Al
PF assetsitting
PF tocandinsand"
img87.png,"D single deep dear, by or text C.!"
img88.png,Go forma facetime
img89.png,Fish
img90.png,Arween Enableraas
img91.png,Shoe
img92.png,E more Eeget in
img93.png,"Spider
st really one, one& im extxacticaib to see him. at day"
img94.png,"s har, smfriWarTemp Verm states, and since, as tr- eithera """
img95.png,"Sho
profileSako aboutTe himes princi visibleAD asure moderExpression an by yourner"
img96.png,"w
.s"
img97.png,D T
img98.png,"r e moreOldensePlanlaxefan moreEulogy,trausmas Brazil"
img99.png,Monars who get a overlis
img100.png,"Train
red ase Gre vi intermediate school facilis Baborselemppekis biat"
img101.png,"Church
dispers Boot studio"
img102.png,anchor
img103.png,MPallonaozethe beV self screen long- dome
img104.png,"E sharingan Onlineas Bi by am
percowL will not and' ser andu ("
img105.png,"Pyramoc ,al ready for real...a long time to think withark-..."
img106.png,"Sh e the b in internal., (4 masons)"
img107.png,Tw mic ha trouble twct.rea task 6c  b was to and while or
img108.png,"M messes b/ outside
Bee C due is also known as C and.
,"
img109.png,"D... or L...2 Fre eor D U w... F, k, C5 and"
img110.png,"C
while im Sp viplus C"
img111.png,"Emi
in us"
img112.png,SomeTw confident in compet ondomi net b also known as and only vamp [ ( of
img113.png,W keys
img114.png,Sch if VImen ran [
img115.png,"S vital, cont incident facil as possible"
img116.png,This IsdaneclsFlr br a H clin
img117.png,"Clin J in asl
V ( Th lif skeoff .. char st need"
img118.png,Cat
img119.png,"GDls F gas be2 sa+ previously-, barrier between window ac Historic Gop"
img120.png,"D
more sch not"
img121.png,Marionette
img122.png,P Pier of pie
img123.png,"Cedars T Pro W gar Cic most want fre.mosture
,UG Starlight Double"
img124.png,"Captain dog Kenp stater I elainefurr left,h/MS Flimal,"
img125.png,"C,  the c the watch C"
img126.png,"Orange, or, in which as
selfe."
img127.png,"G Shoofbra with red sticker or recent surject design in flat,raw cutl semi"
img128.png,"clos andoons part from window Hill Cppenixaco effouldLG se Ran M,"
img129.png,Waving in a sw front Rap-· E obviously not on lo verte the col r vol Rel
img130.png,"Sh fi
admin a mo major i e Cenanch values"
img131.png,Bat cont regular
img132.png,"leaf
en er single M AIProp stock as Bleisw Schloss. High for+art"
img133.png,Shoes-itasanitiorm facility
img134.png,"Mount man e.
Ai lasso F T- (1 embarRA ata S l"
img135.png,"I Claarfiaring ups I Pear down, very omi cent in this b as primarily and"
img136.png,M as.
img137.png,Ear
img138.png,"To e quite near the W r- so feeling ad har vin in, ev al cannot have /"
img139.png,"Br sem cat tre ""Waste management you Q adult ( orrge byduct people'right"
img140.png,"Se Ste install e flat- head, straight entering/ Brandenburg single point No Red be eken"
img141.png,"micenz Chealsenadrasil sho
audiembler,"
img142.png,"D po and ca Gar text,"
img143.png,"+ontSR beAR ANise and that-m is,
cons  is- Avenue"
img144.png,Pen
img145.png,"Eleong car
rivines us"
img146.png,Sir sem pill run G of at a is on st since! and e Every day 's so
img147.png,"G one*
( * D F and E cont are e cost cont reallyear and hence D"
img148.png,Zebus wing aniyman
img149.png,Garrison Publicity  very clear
img150.png,"D  for
aguest compars Fordk P610 in g social taste"
img151.png,"ShGome behhead suuch hne
key Ford v ev power CarE

["
img152.png,N out often tw imast distributedc meda sle phicelf Sp
img153.png,"Together, and-"
img154.png,"t just j majorityc eishaner (co gre peace
s an internal mas reign ("
img155.png,Star
img156.png,hamador profway'e
img157.png,"One part background white digital ent Pro pam obscasma-a  digital, that i4["
img158.png,Spo di su d out pen G real closely with reall not too big size by head sh not
img159.png,"Drill
M"
img160.png,"Belf shouldkomPl a walkinaroremRI Ehren fatargromo, MFA direct,"
img161.png,"(ass- can contered Rub for and only cost cost Cali visit each J Far, in"
img162.png,"G very
@m ane the picture perfectly"
img163.png,King Minfab ( Garof de /w high as well co as high ( forL in any
img164.png,"Gate M anova single
’"
img165.png,"Hat
as a grand mono style with, orc rivbr"
img166.png,"Mon _ aeschob man O sheetit Ras J collection, N cr posterson, Ds"
img167.png,"Carico Dow, Inc
gsdsf: Pale Pale"
img168.png,"Ch broken thelet the around
[spt A stretch m F hand raised De question a"
img169.png,Lady bi Mode Rapaus cont like inocigtey out
img170.png,"But [ but, always capital u ( u the ut Al in-a View-os/ /"
img171.png,Heart
img172.png,"Re Ski  But near to@*
T aspen ' or fe w favourite."
img173.png,"c
. program ""a Stan cont- limbed man on themanual- beyond idol direct"
img174.png,volon only actually closest thing fedtzalarchitects T G C A CA  [
img175.png,"Slow place
, as in slow on an about cre smoke kind but. jobs as. now"
img176.png,"J not a
IP through e
,0 Masang already
7,0 Pewant"
img177.png,"Plothe Raz inact- free
, Shure- to clIIs  Le revers!"
img178.png,"M with as canter I,  quart imp A style camera ( a' warm land Camerenz"
img179.png,bed
img180.png,cla ec clarGap cont cle[cont prec prec prec prec precreens and cle claripouss
img181.png,The Th order take many of really too l ad<efucker for truly. includeftidg
img182.png,GA
img183.png,in longoni self briefiss comps
img184.png,Gessgast lik to e e oletinik e L (1 fabric # and
img185.png,"mon mon
D j in t. Charlie La comparusiestera and/or as"
